hc	pearson	0.241801002684	0.0941752874318	0.0699562528707	0.0802789056827	0.634540510055	0.108476306737	0.0685427887155
hc	euclidean	0.250404863414	0.00649767348833	0.222447256391	0.0126265267474	0.822821985266	0.0119521236978	0.00445346000465
hc	cosine	0.242109703142	0.106558070986	0.081633810518	0.0924454477686	0.661297217858	0.149629224302	0.0801938336012
km	kmeans	0.561805818727	0.122397083339	0.0933551533019	0.105921456385	0.664868544519	0.161590571177	0.0919398695307
km	kmeans++	0.522070858993	0.123004874128	0.093805120962	0.106438677207	0.665000471489	0.16203040904	0.0923907706059
km	minibatchkmeans	0.0571936680878	0.134587645314	0.101872881188	0.115959018459	0.663701647478	0.163275414434	0.100478722954

12	43	1	1	9	1	10	36	3	10
hc	pearson	0.200248894679	0.115392896939	0.0917788455081	0.102240071313	0.685515313224	0.183984607301	0.0902996692953
hc	euclidean	0.196920890573	0.000922285460292	0.0315743582098	0.00179222025453	0.819847398501	-0.00304180011845	-0.00113339984694
hc	cosine	0.197790778462	0.0964494570067	0.0768892067142	0.0855657021702	0.678158809397	0.163572942984	0.0753822616709
km	kmeans	0.416051713248	0.13527927421	0.102797306893	0.116822446887	0.667317391866	0.170259043131	0.10140205639
km	kmeans++	0.439420851097	0.134334755979	0.102063940877	0.11599667873	0.666851705801	0.169229770434	0.100667757827
km	minibatchkmeans	0.0594874467077	0.133133487004	0.101271671801	0.11502816258	0.66421191076	0.16166727543	0.0998703009204

12	7	5	5	13	7	6	78	1	12
hc	pearson	0.241801673772	0.129830855765	0.0964422878229	0.110673185173	0.647258470959	0.138714724687	0.0950690766785
hc	euclidean	0.242293344387	0.000922285460292	0.0315743582098	0.00179222025453	0.819847398501	-0.00304180011845	-0.00113339984694
hc	cosine	0.234461353229	0.118651815651	0.0900397555516	0.102384398329	0.659989553355	0.153387328938	0.0886266096164
km	kmeans	0.574362190115	0.144102474036	0.109501110184	0.124441301683	0.670633204343	0.178342873434	0.108116283525
km	kmeans++	0.585052147481	0.146073007788	0.110946007213	0.126109057658	0.671034426555	0.179636072272	0.109564052384
km	minibatchkmeans	0.081172745934	0.135354293036	0.102898497135	0.116905753115	0.66716840092	0.168204392571	0.101498843011

9	4	6	14	39	12	13	13	6	11
hc	pearson	0.245129441023	0.0982551103124	0.0763616890445	0.0859359031701	0.666088336001	0.151060614841	0.074892231621
hc	euclidean	0.2521697063	0.00649767348833	0.222447256391	0.0126265267474	0.822821985266	0.0119521236978	0.00445346000465
hc	cosine	0.213114598137	0.0982551103124	0.0763616890445	0.0859359031701	0.666088336001	0.151060614841	0.074892231621
km	kmeans	0.417665285015	0.147866277294	0.111265151842	0.126980844047	0.664655386421	0.170831541538	0.109896724155
km	kmeans++	0.437251184273	0.147866277294	0.111265151842	0.126980844047	0.664655386421	0.170831541538	0.109896724155
km	minibatchkmeans	0.0588271356387	0.142328551096	0.107298245751	0.122344635524	0.653818846628	0.141903780256	0.105919064971

31	14	0	133	7	1	11	8	4	8
