hc	pearson	0.090677048792	0.107729625856	0.0879840216609	0.0968607540157	0.630737090541	0.138158526258	0.085601476367
hc	euclidean	0.0921409284699	0.00903299150245	0.214512299987	0.0173359749163	0.796058044323	0.0149241524423	0.00554481588291
hc	cosine	0.0895995183957	0.0604164229596	0.0512411379696	0.055451798136	0.630517675075	0.110554405022	0.0486654236671
km	kmeans	0.403385915048	0.104952093977	0.0867656866885	0.0949961274088	0.638396240543	0.1472714828	0.0843501565701
km	kmeans++	0.392987367756	0.106063225255	0.0877657101327	0.0960506242733	0.63954863315	0.149288777526	0.0853504736067
km	minibatchkmeans	0.0500338307279	0.100572567216	0.0830162114574	0.0909072159241	0.619703198444	0.105289232014	0.0805843844664

37	32	74	34	1	10	16	40	40	17
hc	pearson	0.0767603426496	0.072193493968	0.0637719754638	0.0677219259451	0.582018907205	-0.0386542493805	0.0611226096252
hc	euclidean	0.0748134375493	0.00175071090177	0.0415752657411	0.00335993676851	0.791476237115	-0.00474546782729	-0.00176309813788
hc	cosine	0.0747399336807	0.0786776138779	0.0634431047706	0.0702438342252	0.606783766666	0.0928844298923	0.0610279941053
km	kmeans	0.286279606821	0.110158945131	0.0885689387311	0.0981910376741	0.616394784114	0.11700459293	0.0862258708873
km	kmeans++	0.323152652771	0.108032521219	0.0868220455413	0.0962727286701	0.615010088179	0.114175337861	0.0844754512478
km	minibatchkmeans	0.0575143297016	0.0935518241887	0.076547372998	0.0841850108572	0.606610134768	0.0832382114843	0.074132843809

32	82	15	79	40	98	32	21	22	33
