hc	pearson	0.0964866966682	0.132310937619	0.0976708661067	0.112382142094	0.596030120362	0.0188263269785	0.0952561817393
hc	euclidean	0.0912252881731	0.00245640402419	0.00560475619908	0.00341577274255	0.770715756873	-0.0260875486474	-0.0014217472615
hc	cosine	0.0710557003	0.145549014726	0.105889090466	0.122591225986	0.606306719642	0.0559073291466	0.10353174357
km	kmeans	0.249697852519	0.0212950052595	0.0180400526389	0.0194429200706	0.617906061164	-0.0437500546094	0.0146040615547
km	kmeans++	0.333311029528	0.0212193819831	0.0180859714966	0.0194398575538	0.619642270548	-0.0447625957319	0.0146307009442
km	minibatchkmeans	0.062515750829	0.0113194611085	0.0137073084235	0.0119479238651	0.675535458225	-0.0411529135837	0.00711789110116

34	24	51	1	41	54	69	7	36	20
hc	pearson	0.0734150481604	0.0749263653065	0.0549002126429	0.0633687408674	0.589908541877	0.0111478500473	0.0523902146289
hc	euclidean	0.0712229196273	0.00689334180542	0.0173527969625	0.00986703589281	0.773437348603	-0.039207374384	0.00297480114976
hc	cosine	0.071265908732	0.0597384277098	0.0436179239662	0.0504210172951	0.58843053039	0.0109175312645	0.0410870749371
km	kmeans	0.293006947734	0.0111092843536	0.0104144625815	0.0107063777255	0.639129284608	-0.0428868296584	0.00678156677836
km	kmeans++	0.307437786199	0.0106520308709	0.0100274004289	0.0102871375506	0.639342087885	-0.0423077012679	0.0063933129543
km	minibatchkmeans	0.0536959182062	0.0470510351598	0.0385060544277	0.041799980066	0.659305253379	0.0320221806795	0.0339782512904

26	11	129	65	57	138	51	71	10	49
hc	pearson	0.0723930601611	0.0844882763152	0.0619887622856	0.0715105074004	0.591019798233	0.0125433723104	0.0594942059471
hc	euclidean	0.0708594268119	0.000594586692833	0.00254084573211	0.000963664883247	0.800190671092	-0.0101512404073	-0.00366618754531
hc	cosine	0.0707806331912	0.11254884061	0.0816512304694	0.0946421005165	0.604316476105	0.0537317268359	0.079236917233
km	kmeans	0.250930167377	0.028314740359	0.0237290757302	0.0256339357571	0.62158305293	-0.0327140162589	0.0199838441996
km	kmeans++	0.260111953261	0.0321266006891	0.026445088657	0.0287838189063	0.627309113022	-0.0147835415496	0.0226221071201
km	minibatchkmeans	0.0500339491552	0.0652749109629	0.0520036550886	0.0566689425216	0.686311443709	0.0420133147751	0.0456719652287

60	42	107	134	27	82	107	111	98	93
hc	pearson	0.0739604058108	0.10348483898	0.0756421059288	0.0873995942501	0.595326153731	0.0260682451896	0.0731932636185
hc	euclidean	0.0709802226433	0.00926351454743	0.0211364824653	0.0128814560552	0.766034823032	-0.0462069123463	0.00541182727248
hc	cosine	0.0713073188063	0.190578508559	0.146108760361	0.1654068461	0.695926476626	0.231478746779	0.143733574929
km	kmeans	0.274121466919	0.0155282215108	0.0126790830788	0.0139597516646	0.609267229586	-0.0375890169516	0.00975011061162
km	kmeans++	0.282589846834	0.0146326049346	0.0119664606865	0.0131658374105	0.610101873886	-0.0371006050403	0.00902933198905
km	minibatchkmeans	0.0492421048476	0.0346432610754	0.0274027611156	0.0302768023275	0.633890550194	-0.00274823635485	0.0234288948413

96	58	120	80	91	8	4	72	61	81
hc	pearson	0.0735072240644	0.0677682419619	0.0534189297134	0.0597440620838	0.595231050634	-0.0426650118662	0.050709976727
hc	euclidean	0.0715423180167	0.00471084001209	0.0133051689737	0.00695809181915	0.780949335643	-0.031652306099	0.000710135706836
hc	cosine	0.0708640849518	0.060888548347	0.0447366530862	0.0515776505485	0.587403202272	0.00272825743832	0.0421925604881
km	kmeans	0.250756276646	0.010430698495	0.00988597602388	0.0100954811485	0.639135925694	-0.0403728220674	0.00619424250942
km	kmeans++	0.258034343913	0.0119315522557	0.0118999922403	0.011860746187	0.654579183153	-0.0465314674181	0.00778051955699
km	minibatchkmeans	0.0493778619927	0.0592014270561	0.0460129522873	0.0513992028005	0.639335678396	0.0296925080808	0.0422091660612

87	126	68	98	108	69	50	18	38	23
