hc	pearson	0.0364743407548	0.0904481920481	0.0911977654996	0.0908214321929	0.555652105374	0.0977129679949	0.0870943290798
hc	euclidean	0.0371369019422	0.00424090008801	0.0924093413426	0.00810962865756	0.706127211576	-0.00214244847777	-0.000781337806267
hc	cosine	0.0354868545713	0.0904481920481	0.0911977654996	0.0908214321929	0.555652105374	0.0977129679949	0.0870943290798
km	kmeans	0.085883783357	0.0904481920481	0.0911977654996	0.0908214321929	0.555652105374	0.0977129679949	0.0870943290798
km	kmeans++	0.0932147481446	0.0904481920481	0.0911977654996	0.0908214321929	0.555652105374	0.0977129679949	0.0870943290798
km	minibatchkmeans	0.0419518790463	0.0900089845406	0.0907762098851	0.09039095747	0.555413774027	0.0970768307165	0.0866534896599

1	0	0	0	0	0	0	0	0	0
hc	pearson	0.0358043975999	0.0904481920481	0.0911977654996	0.0908214321929	0.555652105374	0.0977129679949	0.0870943290798
hc	euclidean	0.0345568450971	0.00424090008801	0.0924093413426	0.00810962865756	0.706127211576	-0.00214244847777	-0.000781337806267
hc	cosine	0.0349583135955	0.0904481920481	0.0911977654996	0.0908214321929	0.555652105374	0.0977129679949	0.0870943290798
km	kmeans	0.084341504816	0.0904481920481	0.0911977654996	0.0908214321929	0.555652105374	0.0977129679949	0.0870943290798
km	kmeans++	0.0927071687984	0.0904481920481	0.0911977654996	0.0908214321929	0.555652105374	0.0977129679949	0.0870943290798
km	minibatchkmeans	0.0420967550924	0.0904481920481	0.0911977654996	0.0908214321929	0.555652105374	0.0977129679949	0.0870943290798

0	0	0	0	0	0	0	0	0	0
