hc pearson	5.40413445444	0.0125703879565	0.00955353094418	0.0108562674508	0.589745503855	-0.0190231650969	0.00801304046908
hc euclidean	5.68757204327	0.000922285460292	0.0315743582098	0.00179222025453	0.819847398501	-0.00304180011845	-0.00113339984694
hc cosine	5.26190115269	0.0158321232043	0.0121088614745	0.0137224216635	0.59088951802	-0.022036466385	0.0105624674078
kmeans	14.7542184983	0.00329734152077	0.00244413154643	0.00280733538764	0.584958260304	-0.00791461139473	0.000930513877364
kmeans++	18.0524256671	0.00305845741122	0.00226671595441	0.00260372068952	0.584866083243	-0.00768664606924	0.000753555848075
minibatchkmeans	1.76911278225	0.00790163736867	0.00621364057162	0.00690656012413	0.612189182152	-0.0112304029785	0.00445080172158

12	34	32	80	244	23	118	16	58	14

hc pearson	5.40320669509	0.0125703879565	0.00955353094418	0.0108562674508	0.589745503855	-0.0190231650969	0.00801304046908
hc euclidean	6.49189759987	0.000922285460292	0.0315743582098	0.00179222025453	0.819847398501	-0.00304180011845	-0.00113339984694
hc cosine	5.87017693036	0.0158321232043	0.0121088614745	0.0137224216635	0.59088951802	-0.022036466385	0.0105624674078
kmeans	13.8830338307	0.00308406673123	0.00228870024397	0.00262751106655	0.585191157032	-0.00802318900936	0.00077377004594
kmeans++	15.6194424049	0.0031254260447	0.00231327813966	0.00265869620696	0.584474671271	-0.00734403864649	0.0008022508684
minibatchkmeans	1.73267187747	0.0135344855945	0.0104504964129	0.0117543585259	0.615403869808	0.000990536500368	0.00872320363129

22	78	113	20	30	28	56	34	213	243

hc pearson	3.88272023528	0.0125703879565	0.00955353094418	0.0108562674508	0.589745503855	-0.0190231650969	0.00801304046908
hc euclidean	3.91266429812	0.000922285460292	0.0315743582098	0.00179222025453	0.819847398501	-0.00304180011845	-0.00113339984694
hc cosine	3.89495894521	0.0158321232043	0.0121088614745	0.0137224216635	0.59088951802	-0.022036466385	0.0105624674078
kmeans	10.0953019106	0.00308373866992	0.00228530309237	0.00262514587707	0.584813683083	-0.00768947779582	0.000772374930544
kmeans++	10.8365281067	0.00328192095924	0.00242888224774	0.00279167778819	0.584521393414	-0.00747216237208	0.000917651207346
minibatchkmeans	1.1385416864	0.00386440151926	0.00308196745049	0.00342651191226	0.603599204839	-0.0145617223966	0.0014722263726

41	69	82	22	70	25	38	62	56	42

hc pearson	5.22503742302	0.0125703879565	0.00955353094418	0.0108562674508	0.589745503855	-0.0190231650969	0.00801304046908
hc euclidean	5.47679555503	0.000922285460292	0.0315743582098	0.00179222025453	0.819847398501	-0.00304180011845	-0.00113339984694
hc cosine	5.39754484447	0.0158321232043	0.0121088614745	0.0137224216635	0.59088951802	-0.022036466385	0.0105624674078
kmeans	14.4799130744	0.00306009287236	0.00226785876467	0.00260506643977	0.584876568409	-0.00767821219133	0.000754673307379
kmeans++	14.1206011764	0.00305896266936	0.0022703706389	0.00260632152777	0.585223813536	-0.0080326818545	0.00075527030172
mbkmeans	1.70499198642	0.0112968144025	0.00863655103616	0.00977968872661	0.600365314599	-0.0129609792628	0.00704768511387

76	46	104	81	59	15	118	67	36	60
