hc pearson	0.0432488552029	0.0720964731105	0.0631594439053	0.0673327015876	0.652002120078	0.140138723272	0.0605307180886
hc euclidean	0.0431708510974	0.00903299150245	0.214512299987	0.0173359749163	0.796058044323	0.0149241524423	0.00554481588291
hc cosine	0.0420999526291	0.0888047831413	0.0755605832634	0.0816490889475	0.647357344369	0.148561080686	0.0730426602658
kmeans	0.131148823622	0.127848248746	0.105164058906	0.115396018491	0.644478729465	0.164517247217	0.102806730807
kmeans++	0.133343675983	0.144775883807	0.117483091683	0.129705065521	0.640114680309	0.16364616207	0.115189866628
minibatchkmeans	0.0505567661456	0.11587025249	0.0955586714755	0.104720780741	0.624282993337	0.116232636184	0.0931680046652

14	17	10	50	22	21	5	69	28	22

hc pearson	0.0426256908258	0.0786495986347	0.0653857748979	0.0714069721349	0.629255474486	0.121945537887	0.0628995968675
hc euclidean	0.0434309568925	0.0365624171756	0.274465520681	0.0645287554334	0.798474047234	0.0594000197299	0.0328289868474
hc cosine	0.0406357966209	0.121483372284	0.100263754693	0.109858280502	0.644860134808	0.163472103338	0.0978880281767
kmeans	0.164190115269	0.166236086641	0.13671728588	0.150038457681	0.661590055731	0.204675960399	0.134446051897
kmeans++	0.158551673772	0.166914508054	0.137337479706	0.15068821173	0.662231997644	0.205880488698	0.135066853566
mbkmeans	0.0569128375178	0.138436858838	0.112400503144	0.124056206088	0.629117252926	0.14108998168	0.110100132126

9	10	39	30	36	1	34	13	20	12
