hc pearson	0.0564101926417	0.15349092716	0.111689836215	0.129295777694	0.620932688284	0.0932548430888	0.110367684138
hc euclidean	0.0556854571293	0.00177912803214	0.0337089680967	0.00337986968123	0.820525309693	0.00880160527097	-0.000503301600792
hc cosine	0.054236578241	0.168039401287	0.122271793768	0.141547962111	0.622020721098	0.0958106082687	0.120965439813
kmeans	0.104687470393	0.161717008066	0.122186994091	0.139199975758	0.672807494852	0.187637738061	0.120829766459
kmeans++	0.116970274751	0.161717008066	0.122186994091	0.139199975758	0.672807494852	0.187637738061	0.120829766459
minibatchkmeans	0.0368441496921	0.163735128606	0.123342792433	0.140687909795	0.670221993556	0.182912157258	0.121989203024

8	2	1	16	11	1	25	18	1	21

hc pearson	0.0564536554556	0.150161539999	0.110312038522	0.127188528517	0.641621113173	0.133929516878	0.1089750235
hc euclidean	0.0572458155692	0.000922285460292	0.0315743582098	0.00179222025453	0.819847398501	-0.00304180011845	-0.00113339984694
hc cosine	0.0553379125217	0.155673313867	0.114209605243	0.131756302194	0.641420529693	0.134485210071	0.112880231784
kmeans	0.0924164298121	0.153735150397	0.117935492483	0.1334765396	0.68073404464	0.196520727184	0.116550544813
kmeans++	0.0966607847781	0.153553552644	0.11777643769	0.133306220673	0.680553846897	0.19619225819	0.116391476995
minibatchkmeans	0.0377814227065	0.167786792374	0.12719449378	0.144695590706	0.677371278979	0.196310203417	0.125840029673

3	15	6	7	13	12	1	1	6	15

hc pearson	0.0574528264646	0.111867303664	0.0829327912739	0.0952511624607	0.639152183222	0.121004518713	0.0815418598042
hc euclidean	0.0590757539871	0.00649767348833	0.222447256391	0.0126265267474	0.822821985266	0.0119521236978	0.00445346000465
hc cosine	0.0576911021633	0.104874984737	0.0770975218074	0.0888661872759	0.62819389875	0.101841374649	0.0757096086453
kmeans	0.0884533791252	0.134404475371	0.101978056538	0.115967168901	0.665926270963	0.167947164526	0.100583658308
kmeans++	0.0997405652929	0.134404475371	0.101978056538	0.115967168901	0.665926270963	0.167947164526	0.100583658308
minibatchkmeans	0.0467105242381	0.136231869117	0.103460322573	0.117605406585	0.667249556726	0.17048313331	0.102066829791

0	1	5	2	4	3	1	1	0	1

hc pearson	0.0579966050845	0.128539874497	0.0964723044891	0.110221037522	0.655616521246	0.150952029253	0.095084743265
hc euclidean	0.0600909126796	0.00617561088849	0.0832136865431	0.0114979167183	0.821223099632	0.0205750299456	0.00379625405864
hc cosine	0.0578881256908	0.121798214642	0.0927094816328	0.105281531053	0.66328068234	0.159190802215	0.0912961286077
kmeans	0.10601918522	0.142960613153	0.110283480366	0.124513813962	0.680165522981	0.191303615157	0.108878599594
kmeans++	0.112767014053	0.142960613153	0.110283480366	0.124513813962	0.680165522981	0.191303615157	0.108878599594
minibatchkmeans	0.0416766935102	0.143848114933	0.110265588221	0.124828073992	0.676491092016	0.185262991184	0.108865998771

11	14	15	22	11	9	0	5	5	4

hc pearson	0.0544410626875	0.147659031742	0.109799428402	0.125945577975	0.654301164083	0.154688696501	0.108445096284
hc euclidean	0.0742366177167	0.000922285460292	0.0315743582098	0.00179222025453	0.819847398501	-0.00304180011845	-0.00113339984694
hc cosine	0.0549966050845	0.155111972376	0.114197212545	0.13154660791	0.645939241489	0.142405125735	0.112863098984
kmeans	0.0820370677404	0.146467304733	0.11082244076	0.126175756993	0.668396055812	0.175937960382	0.109445660902
kmeans++	0.0960889388915	0.146467304733	0.11082244076	0.126175756993	0.668396055812	0.175937960382	0.109445660902
minibatchkmeans	0.036619532607	0.151329597098	0.114087781846	0.130095144545	0.667346527774	0.175871670852	0.112720795816

2	11	1	5	1	2	0	2	9	1
