hc pearson	1.83881450339	0.00900204117523	0.006668780375	0.00766170877919	0.584330678495	-0.012212541076	0.00400094495022
hc euclidean	1.92459588663	0.00318705741707	0.006957788806	0.00437165274524	0.76700609049	-0.0297972086377	-0.000664388316975
hc cosine	1.81618178588	0.0107622467972	0.00811342195489	0.00925197942336	0.588621782967	-0.0181677985075	0.00540141708826
kmeans	6.70357464867	0.0130621433261	0.01275861549	0.0128698382406	0.651021583793	-0.0496724619141	0.00884923734665
kmeans++	7.40721297174	0.0125905223151	0.0122939343779	0.0124151786823	0.654513333861	-0.0498008393575	0.00845566987514
mbkmeans	1.46070132639	0.00926416394092	0.0097569493279	0.00920704120996	0.631667960908	-0.0324860959828	0.00513107614279

69	8	47	4	25	10	33	32	18	65


hc pearson	1.96008124112	0.00900204117523	0.006668780375	0.00766170877919	0.584330678495	-0.012212541076	0.00400094495022
hc euclidean	1.92029369967	0.00318705741707	0.006957788806	0.00437165274524	0.76700609049	-0.0297972086377	-0.000664388316975
hc cosine	1.87933116217	0.0107622467972	0.00811342195489	0.00925197942336	0.588621782967	-0.0181677985075	0.00540141708826
kmeans	6.92468865467	0.01188072044	0.012256669866	0.0120318890038	0.661878776512	-0.0503994125752	0.00797593177286
kmeans++	7.41341650876	0.0122541921822	0.0116969770186	0.0119459748453	0.651052865157	-0.0477703808855	0.00801809651803
minibatchkmeans	1.34345140534	0.00838806367335	0.00710219852427	0.00765864256575	0.604362131133	-0.0244688737768	0.00410800005316

41	78	17	11	28	86	15	63	37	39
