hc pearson	0.0595029606821	0.139671446255	0.105098775461	0.119943495294	0.66170772389	0.163721111352	0.103720853108
hc euclidean	0.0610557792515	0.00207933510506	0.0183572398945	0.00373554309815	0.816639081484	0.0142437694873	-0.000363938430465
hc cosine	0.0582542239065	0.132590612079	0.104751732355	0.117038502695	0.689466248305	0.198552966765	0.103303565733
kmeans	0.0839998815727	0.153142374618	0.117049533406	0.132685251801	0.67805386497	0.19243202271	0.115668314941
kmeans++	0.0941953655456	0.153807139644	0.117538429049	0.133248880544	0.678191114459	0.192880513846	0.116158202591
minibatchkmeans	0.0384257460919	0.150772841572	0.114763719001	0.130319839785	0.673957571863	0.184577334897	0.11338258377

29	1	4	6	3	5	4	14	1	0
hc pearson	0.0538401231644	0.103563710509	0.0770920698667	0.0883884345091	0.639775776625	0.119279651515	0.0756864648996
hc euclidean	0.0543842175904	0.000922285460292	0.0315743582098	0.00179222025453	0.819847398501	-0.00304180011845	-0.00113339984694
hc cosine	0.0554165482394	0.11451516217	0.0871658205756	0.0989861110653	0.66041037286	0.152179333033	0.0857438317828
kmeans	0.0947131691142	0.147121239254	0.112429656674	0.127456954758	0.675681884799	0.18672218589	0.111041430603
kmeans++	0.102262119059	0.149279521129	0.114039394735	0.129301236506	0.676266758541	0.188372129445	0.112654118671
mbkmeans	0.0394463524396	0.145407122112	0.1113051724	0.126087966183	0.676139014251	0.186284470985	0.10991173113

3	0	8	3	11	6	11	3	2	2
