base	base	0.25	0.013097070898497399	2.2659087321508925e-05	0.013119729985818906	0.8240000000000001	0.8653208792330764	0.8247452638904764	0.8387453872850047	28.5	0.7851832805722967	0.8313640390022614	0.8004594039151038	21.5
base	base	0.50	0.013097070898497399	2.258013581346585e-05	0.013119651034310864	0.8240000000000001	0.8653208792330764	0.8247452638904764	0.8387453872850047	28.5	0.7851832805722967	0.8313640390022614	0.8004594039151038	21.5
base	base	0.75	0.013097070898497399	2.9093636500632238e-05	0.013126164534998031	0.8240000000000001	0.8653208792330764	0.8247452638904764	0.8387453872850047	28.5	0.7851832805722967	0.8313640390022614	0.8004594039151038	21.5
base	pca	0.25	0.013097070898497399	0.7701809963682371	0.7832780672667345	0.842	0.8843070161114877	0.8265905647120521	0.8521673401972627	28.5	0.7960350588262487	0.8618147567269144	0.8237088323865004	21.5
base	pca	0.50	0.013097070898497399	1.1113572951208066	1.1244543660193043	0.8180000000000002	0.8761159408085945	0.7942612366876901	0.8283896177119209	28.5	0.7629060424000456	0.8542115659329804	0.7998014947983383	21.5
base	pca	0.75	0.013097070898497399	0.9330391204800396	0.9461361913785371	0.8240000000000001	0.8653208792330764	0.8247452638904764	0.8387453872850047	28.5	0.7851832805722967	0.8313640390022614	0.8004594039151038	21.5
base	rp	0.25	0.013097070898497399	0.8828362150639345	0.8959332859624318	0.8299999999999998	0.8758650368178105	0.8191141376181772	0.8440965669154478	28.5	0.7769134015390299	0.8459381085848202	0.8066556795855668	21.5
base	rp	0.50	0.013097070898497399	1.7779280356861054	1.7910251065846026	0.8300000000000001	0.8794316921903128	0.8150921717066117	0.8418355953404879	28.5	0.7811559055637016	0.851936119251761	0.809277162761416	21.5
base	rp	0.75	0.013097070898497399	2.5146315727143542	2.5277286436128517	0.8220000000000001	0.8594582362082361	0.821651311491558	0.8357209382232822	28.5	0.782541685793604	0.8317768250794012	0.8008683131679639	21.5
base	mds	0.25	0.013097070898497399	19.871174285488753	19.884271356387252	0.826	0.8545144963968495	0.8346829206869602	0.8406388119123633	28.5	0.7935986622073579	0.8204338596288843	0.8023316884530504	21.5
base	mds	0.50	0.013097070898497399	40.50513824411812	40.51823531501661	0.8260000000000002	0.8594897161947388	0.8284329206869602	0.8396279232050865	28.5	0.789818339896345	0.830265789425751	0.8044148410113043	21.5
base	mds	0.75	0.013097070898497399	59.573390178430465	59.586487249328954	0.8300000000000001	0.8623298159098385	0.8320043492583888	0.8429402014230252	28.5	0.7953738954519005	0.8343971652962573	0.8093787726496118	21.5
l1	base	0.25	0.11647959103113407	2.1237959890640924e-05	0.11650082899102472	0.6179999999999999	0.6017640034737298	1.0	0.7486183953105504	28.9	1.0	0.09523429066907327	0.1722062458614183	21.1
l1	base	0.50	0.11647959103113407	1.3658613670486375e-05	0.11649324964480456	0.6179999999999999	0.6017640034737298	1.0	0.7486183953105504	28.9	1.0	0.09523429066907327	0.1722062458614183	21.1
l1	base	0.75	0.11647959103113407	2.5382914873262053e-05	0.11650497394600734	0.6179999999999999	0.6017640034737298	1.0	0.7486183953105504	28.9	1.0	0.09523429066907327	0.1722062458614183	21.1
l1	pca	0.25	0.11647959103113407	0.0633921127427584	0.17987170377389247	0.618	0.6024089955130989	1.0	0.7487301648320608	28.9	1.0	0.09959326502804763	0.1782701143600694	21.1
l1	pca	0.50	0.11647959103113407	0.057768632559645997	0.17424822359078007	0.6119999999999999	0.5982206180344478	1.0	0.7457277377825461	28.9	1.0	0.08213905257383518	0.15037532798702216	21.1
l1	pca	0.75	0.11647959103113407	0.057900836886165055	0.17438042791729913	0.6179999999999999	0.6017640034737298	1.0	0.7486183953105504	28.9	1.0	0.09523429066907327	0.1722062458614183	21.1
l1	rp	0.25	0.11647959103113407	0.006623677562015473	0.12310326859314955	0.634	0.6147194218421258	0.9945945945945945	0.7559971040016452	28.9	0.96	0.150026255950169	0.25143906431849306	21.1
l1	rp	0.50	0.11647959103113407	0.014837557239889065	0.13131714827102314	0.634	0.6118920264683116	1.0	0.7565798502698323	28.9	1.0	0.13151045814089293	0.22801907593211937	21.1
l1	rp	0.75	0.11647959103113407	0.0205296857729536	0.13700927680408767	0.622	0.6042521228349497	1.0	0.7506465496699235	28.9	1.0	0.10298820141211447	0.18257226064642945	21.1
l1	mds	0.25	0.11647959103113407	1.5694127190904965	1.6858923101216305	0.62	0.6030266523815817	1.0	0.7496352023087033	28.9	1.0	0.09934402151793456	0.1776251602803327	21.1
l1	mds	0.50	0.11647959103113407	2.216801950102604	2.3332815411337378	0.6199999999999999	0.6031496803161598	1.0	0.7496463057011141	28.9	1.0	0.10017735485126791	0.17944556210073453	21.1
l1	mds	0.75	0.11647959103113407	2.8608659797884	2.9773455708195344	0.6119999999999999	0.5982305688232741	1.0	0.7457451420970855	28.9	1.0	0.08190095733573995	0.14932601498118742	21.1
l2	base	0.25	0.24314578398866615	2.0803726556550828e-05	0.2431665877152227	0.5680000000000001	0.5673469387755101	0.9925824175824175	0.7206478960739066	28.3	0.3	0.012774725274725274	0.0244983164983165	21.7
l2	base	0.50	0.24314578398866615	1.6185062372642277e-05	0.2431619690510388	0.5680000000000001	0.5673469387755101	0.9925824175824175	0.7206478960739066	28.3	0.3	0.012774725274725274	0.0244983164983165	21.7
l2	base	0.75	0.24314578398866615	2.4001263273021323e-05	0.24316978525193916	0.5680000000000001	0.5673469387755101	0.9925824175824175	0.7206478960739066	28.3	0.3	0.012774725274725274	0.0244983164983165	21.7
l2	pca	0.25	0.24314578398866615	0.06274396020842232	0.3058897441970885	0.5660000000000001	0.5661632653061225	0.9964285714285716	0.7205724694061623	28.3	0.1	0.004166666666666667	0.007999999999999998	21.7
l2	pca	0.50	0.24314578398866615	0.05844564187586911	0.30159142586453525	0.5660000000000001	0.5661632653061225	0.9964285714285716	0.7205724694061623	28.3	0.1	0.004166666666666667	0.007999999999999998	21.7
l2	pca	0.75	0.24314578398866615	0.05750876361917108	0.3006545476078372	0.5680000000000001	0.5673469387755101	0.9925824175824175	0.7206478960739066	28.3	0.3	0.012774725274725274	0.0244983164983165	21.7
l2	rp	0.25	0.24314578398866615	0.006340399494752092	0.24948618348341825	0.5740000000000001	0.5712418222608192	0.9862187812187813	0.7222489792167212	28.3	0.35	0.03296703296703297	0.05969509417785279	21.7
l2	rp	0.50	0.24314578398866615	0.016128572556431207	0.25927435654509734	0.58	0.5738574685193226	0.9964285714285716	0.7270849102607947	28.3	0.35	0.03358391608391609	0.06076902025177887	21.7
l2	rp	0.75	0.24314578398866615	0.019469090478492036	0.2626148744671582	0.572	0.5698089448545376	0.9892490842490844	0.7218784029810218	28.3	0.3	0.024954212454212456	0.0455988455988456	21.7
l2	mds	0.25	0.24314578398866615	1.5426614163903651	1.7858072003790313	0.5700000000000001	0.5685366189028802	0.9892490842490844	0.7209135108351263	28.3	0.2	0.019871794871794874	0.03607427055702918	21.7
l2	mds	0.50	0.24314578398866615	2.173594583925478	2.4167403679141444	0.5700000000000001	0.568656462585034	0.9892490842490844	0.7209157965389632	28.3	0.3	0.020787545787545787	0.038761238761238756	21.7
l2	mds	0.75	0.24314578398866615	2.853747078793572	3.096892862782238	0.5700000000000001	0.5683673469387756	0.9925824175824175	0.721561138083039	28.3	0.3	0.01662087912087912	0.03137662337662338	21.7
tree	base	0.25	1.0367244197063201	2.147481445717858e-05	1.0367458945207773	0.8400000000000001	0.8984482442844511	0.8243491980560945	0.8565450910646074	29.4	0.7806882006882007	0.8708351324719612	0.8176091426546485	20.6
tree	base	0.50	1.0367244197063201	1.638244118566945e-05	1.0367408021475057	0.8400000000000001	0.8984482442844511	0.8243491980560945	0.8565450910646074	29.4	0.7806882006882007	0.8708351324719612	0.8176091426546485	20.6
tree	base	0.75	1.0367244197063201	2.8027790881424154e-05	1.0367524474972014	0.8400000000000001	0.8984482442844511	0.8243491980560945	0.8565450910646074	29.4	0.7806882006882007	0.8708351324719612	0.8176091426546485	20.6
tree	pca	0.25	1.0367244197063201	0.06439384967627575	1.1011182693825958	0.8420000000000002	0.8989482442844512	0.8277974739181634	0.858781289527221	29.4	0.7834574314574314	0.8708351324719612	0.8192742675390147	20.6
tree	pca	0.50	1.0367244197063201	0.05844331280593451	1.0951677325122546	0.8420000000000002	0.8989482442844512	0.8277974739181634	0.858781289527221	29.4	0.7834574314574314	0.8708351324719612	0.8192742675390147	20.6
tree	pca	0.75	1.0367244197063201	0.05767689088902443	1.0944013105953445	0.8400000000000001	0.8984482442844511	0.8243491980560945	0.8565450910646074	29.4	0.7806882006882007	0.8708351324719612	0.8176091426546485	20.6
tree	rp	0.25	1.0367244197063201	0.007070266856089802	1.04379468656241	0.8200000000000001	0.8871801920734066	0.7955907701812872	0.835318716587125	29.4	0.7542328230685762	0.8587855168417828	0.7985519447208256	20.6
tree	rp	0.50	1.0367244197063201	0.014840596873523283	1.0515650165798434	0.8320000000000002	0.8938850574712642	0.8135984330165364	0.8472770034765509	29.4	0.7756076516076515	0.8662896779265067	0.8109855664238477	20.6
tree	rp	0.75	1.0367244197063201	0.020569477340927733	1.0572938970472479	0.8240000000000002	0.8948799775936207	0.800350788260271	0.8411259465719423	29.4	0.754523532023532	0.8659224137612884	0.8010521103816501	20.6
tree	mds	0.25	1.0367244197063201	1.5406682062213577	2.577392625927678	0.8480000000000001	0.9046757294429708	0.8304574065780962	0.8632331709628392	29.4	0.7887812742812742	0.8810653115000943	0.8274387771313044	20.6
tree	mds	0.50	1.0367244197063201	2.1768574924995847	3.2135819122059046	0.852	0.9059321396993811	0.8370793837388664	0.8669881154675408	29.4	0.7968290598290598	0.8822730409686932	0.8320727745381973	20.6
tree	mds	0.75	1.0367244197063201	2.8407589215221605	3.877483341228481	0.8459999999999999	0.9015859858532271	0.8299162810369707	0.8614949702274023	29.4	0.7878968253968253	0.8767174854131377	0.8251230450843293	20.6
MI	base	0.25	31.65225659245225	1.9501026372381602e-05	31.652276093478623	0.806	0.8354809977073845	0.8083830515297906	0.8177625107263384	26.8	0.7804958905828471	0.8120920351789916	0.7907364946955757	23.2
MI	base	0.50	31.65225659245225	1.4724459197168471e-05	31.652271316911445	0.806	0.8354809977073845	0.8083830515297906	0.8177625107263384	26.8	0.7804958905828471	0.8120920351789916	0.7907364946955757	23.2
MI	base	0.75	31.65225659245225	2.159324174044741e-05	31.65227818569399	0.806	0.8354809977073845	0.8083830515297906	0.8177625107263384	26.8	0.7804958905828471	0.8120920351789916	0.7907364946955757	23.2
MI	pca	0.25	31.65225659245225	0.06527802779089598	31.717534620243146	0.806	0.8354809977073845	0.8083830515297906	0.8177625107263384	26.8	0.7804958905828471	0.8120920351789916	0.7907364946955757	23.2
MI	pca	0.50	31.65225659245225	0.05816311384808159	31.710419706300332	0.806	0.8354809977073845	0.8083830515297906	0.8177625107263384	26.8	0.7804958905828471	0.8120920351789916	0.7907364946955757	23.2
MI	pca	0.75	31.65225659245225	0.05676168482555113	31.7090182772778	0.806	0.8354809977073845	0.8083830515297906	0.8177625107263384	26.8	0.7804958905828471	0.8120920351789916	0.7907364946955757	23.2
MI	rp	0.25	31.65225659245225	0.0068119374704110666	31.65906852992266	0.796	0.8226600985221675	0.7978170289855072	0.8071799488093834	26.8	0.7700744792438946	0.7983401461662331	0.7804527189219036	23.2
MI	rp	0.50	31.65225659245225	0.01925138165165663	31.671507974103907	0.8	0.8282917369986336	0.8046151368760064	0.8113441996734678	26.8	0.7788369963369963	0.8050485569181222	0.7852170017219151	23.2
MI	rp	0.75	31.65225659245225	0.020975682930657057	31.673232275382908	0.8099999999999999	0.8356770247354957	0.8147018921095007	0.8219307848164472	26.8	0.7855381784077436	0.8119004087699739	0.794139477366742	23.2
MI	mds	0.25	31.65225659245225	1.4551768908889926	33.10743348334124	0.8	0.830067237554494	0.800679347826087	0.811427998461699	26.8	0.7731841499884977	0.8075364796234361	0.7851210080588554	23.2
MI	mds	0.50	31.65225659245225	1.89050675035528	33.54276334280753	0.796	0.8282396339292891	0.7963830515297906	0.8075975081705185	26.8	0.7690086580086579	0.8050920351789917	0.7808380909157976	23.2
MI	mds	0.75	31.65225659245225	2.41770385283437	34.06996044528662	0.796	0.8308325008325008	0.7930497181964573	0.8069594747257721	26.8	0.7677088371398716	0.808388331475288	0.7816810346039842	23.2
ftest	base	0.25	0.08176717195640322	2.925153960404714e-05	0.08179642349600727	0.752	0.8125162650444905	0.763361792031147	0.7824710159687801	29.8	0.6874149353704707	0.7383177582800681	0.7047514831295598	20.2
ftest	base	0.50	0.08176717195640322	1.5474498673029304e-05	0.08178264645507624	0.752	0.8125162650444905	0.763361792031147	0.7824710159687801	29.8	0.6874149353704707	0.7383177582800681	0.7047514831295598	20.2
ftest	base	0.75	0.08176717195640322	1.5632401641596516e-05	0.08178280435804482	0.752	0.8125162650444905	0.763361792031147	0.7824710159687801	29.8	0.6874149353704707	0.7383177582800681	0.7047514831295598	20.2
ftest	pca	0.25	0.08176717195640322	0.062272816990389404	0.14403998894679262	0.752	0.8125162650444905	0.763361792031147	0.7824710159687801	29.8	0.6874149353704707	0.7383177582800681	0.7047514831295598	20.2
ftest	pca	0.50	0.08176717195640322	0.05931849044684441	0.14108566240324763	0.752	0.8125162650444905	0.763361792031147	0.7824710159687801	29.8	0.6874149353704707	0.7383177582800681	0.7047514831295598	20.2
ftest	pca	0.75	0.08176717195640322	0.0569261408495322	0.13869331280593541	0.752	0.8125162650444905	0.763361792031147	0.7824710159687801	29.8	0.6874149353704707	0.7383177582800681	0.7047514831295598	20.2
ftest	rp	0.25	0.08176717195640322	0.0070577925153656905	0.08882496447176891	0.7620000000000001	0.8279564970926447	0.7638072724766274	0.7899000774680857	29.8	0.6927937900306321	0.7632745512739454	0.7197634441900139	20.2
ftest	rp	0.50	0.08176717195640322	0.02201472445917716	0.10378189641558037	0.742	0.8118420317374712	0.7434632094309513	0.7717683333365891	29.8	0.6677210417347716	0.7463703429502999	0.6984175462286637	20.2
ftest	rp	0.75	0.08176717195640322	0.020196628769940616	0.10196380072634384	0.744	0.8078701857862276	0.7524803079238565	0.7742340466343373	29.8	0.677075517075517	0.7354122324333658	0.6973913727476733	20.2
ftest	mds	0.25	0.08176717195640322	1.532718498342001	1.6144856702984043	0.7400000000000001	0.8078633284278446	0.7434086992756349	0.7700637311155821	29.8	0.6679184245108327	0.73965465667579	0.6952330571801829	20.2
ftest	mds	0.50	0.08176717195640322	2.0291839965261715	2.1109511684825746	0.7300000000000001	0.7969976458244628	0.7399380771558193	0.762245568136912	29.8	0.6589582854136433	0.71934247917321	0.6799216201149955	20.2
ftest	mds	0.75	0.08176717195640322	2.6495313832307374	2.7312985551871405	0.74	0.8039880804518145	0.750040340483889	0.7712788260825414	29.8	0.6704037825848437	0.7285091458398767	0.6911997556614238	20.2
