base	base	0.25	0.014106452574030643	1.4784990662966395e-05	0.01412123756469361	0.7541666666666668	0.7707729207247147	0.9659963437703901	0.8565242086306304	54.9	0.41166666666666674	0.07633225219912528	0.12442593638245811	17.1
base	base	0.50	0.014106452574030643	2.36688136074914e-05	0.014130121387638134	0.7541666666666668	0.7707729207247147	0.9659963437703901	0.8565242086306304	54.9	0.41166666666666674	0.07633225219912528	0.12442593638245811	17.1
base	base	0.75	0.014106452574030643	2.014094159648039e-05	0.014126593515627122	0.7541666666666668	0.7707729207247147	0.9659963437703901	0.8565242086306304	54.9	0.41166666666666674	0.07633225219912528	0.12442593638245811	17.1
base	pca	0.25	0.014106452574030643	2.540985501408363	2.5550919539823935	0.7513888888888889	0.768284784374901	0.9659109511231051	0.8550113262410959	54.9	0.3441666666666666	0.06021180401985356	0.09797553323869113	17.1
base	pca	0.50	0.014106452574030643	3.7808563877092403	3.7949628402832714	0.7555555555555558	0.767570632272282	0.9745200734850206	0.8581168527143888	54.9	0.325	0.050221141088014155	0.08362155388471179	17.1
base	pca	0.75	0.014106452574030643	4.90113289589851	4.91523934847254	0.7541666666666668	0.7707729207247147	0.9659963437703901	0.8565242086306304	54.9	0.41166666666666674	0.07633225219912528	0.12442593638245811	17.1
base	rp	0.25	0.014106452574030643	1.0593453809091504	1.073451833483181	0.7430555555555555	0.7658431971162181	0.9571525914901052	0.8498883996074802	54.9	0.31	0.0580532212885154	0.09200186003255056	17.1
base	rp	0.50	0.014106452574030643	2.01911506859951	2.03322152117354	0.7513888888888889	0.7681999070295602	0.9654866878505446	0.8549383739977703	54.9	0.3833333333333333	0.06522114108801416	0.11010678210678213	17.1
base	rp	0.75	0.014106452574030643	2.9894125996984564	3.0035190522724866	0.7541666666666667	0.768082983770549	0.9709811757355966	0.8569584250842691	54.9	0.3869047619047619	0.05822767703572658	0.09719047619047619	17.1
base	mds	0.25	0.014106452574030643	120.64180813700466	120.6559145895787	0.7472222222222221	0.7658232183752847	0.9639314015563173	0.8527648320256478	54.9	0.32333333333333336	0.05267212148017101	0.0868461915658712	17.1
base	mds	0.50	0.014106452574030643	196.0559093939854	196.07001584655944	0.7472222222222221	0.7658453674036175	0.9641095513175598	0.8528310680644038	54.9	0.325	0.050221141088014155	0.08293361863155913	17.1
base	mds	0.75	0.014106452574030643	280.6636356901337	280.67774214270764	0.7458333333333333	0.7639554290791637	0.9658188006738679	0.8523409132471043	54.9	0.3	0.04123421298343899	0.07028822055137846	17.1
l1	base	0.25	0.17349240401053975	1.7094143186113796e-05	0.17350949815372588	0.7208333333333333	0.7679397983610831	0.9007702812324115	0.8280605581227967	54.0	0.38687451437451437	0.17989016659295295	0.23863045834402893	18.0
l1	base	0.50	0.17349240401053975	1.1834406814159593e-05	0.1735042384173539	0.7208333333333333	0.7679397983610831	0.9007702812324115	0.8280605581227967	54.0	0.38687451437451437	0.17989016659295295	0.23863045834402893	18.0
l1	base	0.75	0.17349240401053975	1.2507909741543698e-05	0.1735049119202813	0.7208333333333333	0.7679397983610831	0.9007702812324115	0.8280605581227967	54.0	0.38687451437451437	0.17989016659295295	0.23863045834402893	18.0
l1	pca	0.25	0.17349240401053975	0.26315426389810453	0.4366466679086443	0.7305555555555555	0.771950344519845	0.9100510075579921	0.8340707137601754	54.0	0.43805555555555553	0.19221976509902208	0.2580841687048583	18.0
l1	pca	0.50	0.17349240401053975	0.37394098896502326	0.547433392975563	0.7277777777777776	0.7686366958519354	0.9121529714468595	0.8332536280671216	54.0	0.42821428571428577	0.17248415155535898	0.23977839535110895	18.0
l1	pca	0.75	0.17349240401053975	0.4372372657451706	0.6107296697557103	0.7208333333333333	0.7679397983610831	0.9007702812324115	0.8280605581227967	54.0	0.38687451437451437	0.17989016659295295	0.23863045834402893	18.0
l1	rp	0.25	0.17349240401053975	0.01008625005497379	0.18357865406551355	0.7166666666666666	0.7660826704971938	0.901391339944863	0.8262405207719118	54.0	0.3580219488114225	0.17306476976755616	0.21883431679403048	18.0
l1	rp	0.50	0.17349240401053975	0.018932805905751592	0.19242520991629136	0.7069444444444444	0.7607782123328327	0.8909449637682634	0.8193903632298015	54.0	0.3181776556776557	0.15946189001916558	0.2013780010442002	18.0
l1	rp	0.75	0.17349240401053975	0.02727914158531348	0.20077154559585325	0.7513888888888889	0.7757629679072866	0.943462668768842	0.8504003041221884	54.0	0.5394444444444445	0.18235982112143104	0.2592032701597919	18.0
l1	mds	0.25	0.17349240401053975	12.294720186836003	12.468212590846543	0.7222222222222222	0.7704445821200927	0.8992584825261163	0.8281736966496336	54.0	0.44064913844325615	0.19496953167231804	0.2540218029350398	18.0
l1	mds	0.50	0.17349240401053975	15.431572144821166	15.605064548831706	0.7277777777777779	0.7634754648617538	0.9225206178489886	0.8348456832891653	54.0	0.38307692307692304	0.13835716742837487	0.19933746317056275	18.0
l1	mds	0.75	0.17349240401053975	18.29801124236592	18.47150364637646	0.7236111111111111	0.7651012522448941	0.9117750010162655	0.8308341933377168	54.0	0.4182142857142857	0.16034129441250186	0.22346832619231907	18.0
l2	base	0.25	0.6011547366330887	1.7254501108254773e-05	0.6011719911341971	0.7	0.7976938512389247	0.820965333045411	0.8075459683561899	55.6	0.3201902994666152	0.2960377686543725	0.30019384754678874	16.4
l2	base	0.50	0.6011547366330887	1.2668267299886792e-05	0.6011674049003887	0.7	0.7976938512389247	0.820965333045411	0.8075459683561899	55.6	0.3201902994666152	0.2960377686543725	0.30019384754678874	16.4
l2	base	0.75	0.6011547366330887	1.2668267572735203e-05	0.6011674049006615	0.7	0.7976938512389247	0.820965333045411	0.8075459683561899	55.6	0.3201902994666152	0.2960377686543725	0.30019384754678874	16.4
l2	pca	0.25	0.6011547366330887	0.2731686095085024	0.8743233461415911	0.7097222222222224	0.8081361789093796	0.8241076986645949	0.8129361329951944	55.6	0.37197806837125724	0.33896381779256324	0.3346048598226018	16.4
l2	pca	0.50	0.6011547366330887	0.385538034147703	0.9866927707807918	0.7027777777777778	0.8008076512313747	0.8235334752448195	0.8091235209586698	55.6	0.3531307826160767	0.32013856839455845	0.3174391349391349	16.4
l2	pca	0.75	0.6011547366330887	0.39885979178507114	1.0000145284181599	0.7	0.7976938512389247	0.820965333045411	0.8075459683561899	55.6	0.3201902994666152	0.2960377686543725	0.30019384754678874	16.4
l2	rp	0.25	0.6011547366330887	0.010057064932516369	0.6112118015656052	0.6680555555555557	0.784236130239693	0.7957423128094058	0.7856387515176145	55.6	0.28543110656113757	0.2595977235287708	0.24372479053513535	16.4
l2	rp	0.50	0.6011547366330887	0.018415651949089805	0.6195703885821786	0.7083333333333334	0.8000294088098133	0.8334066945916397	0.812596708625531	55.6	0.37047300738477207	0.3032207142963974	0.3091972080207374	16.4
l2	rp	0.75	0.6011547366330887	0.026668242449432	0.6278229790825207	0.6902777777777779	0.7923776963776963	0.8206155466662128	0.8014526264126381	55.6	0.30437409812409816	0.2697643244940997	0.25915154381429745	16.4
l2	mds	0.25	0.6011547366330887	10.926759550189946	11.527914286823034	0.6916666666666667	0.7966226984023245	0.814461349249912	0.8013200089292093	55.6	0.327267825311943	0.29763065218459617	0.2961272675763192	16.4
l2	mds	0.50	0.6011547366330887	14.571800596980301	15.172955333613391	0.7097222222222221	0.804364155513522	0.8310568532270199	0.8143859903441193	55.6	0.3511847117749662	0.3178610288508996	0.31784070135531106	16.4
l2	mds	0.75	0.6011547366330887	19.98753378338297	20.588688520016056	0.6861111111111111	0.7989353860567872	0.799274143744628	0.79602622762928	55.6	0.3235385692738634	0.31386461144335687	0.3046586871056053	16.4
tree	base	0.25	1.7833518760421612	1.760728819135693e-05	1.7833694833303526	0.7527777777777778	0.757794642249633	0.9889716185541957	0.8577791098272639	54.4	0.2833333333333333	0.02358076563958917	0.042833079074497835	17.6
tree	base	0.50	1.7833518760421612	1.4977419868955622e-05	1.7833668534620302	0.7527777777777778	0.757794642249633	0.9889716185541957	0.8577791098272639	54.4	0.2833333333333333	0.02358076563958917	0.042833079074497835	17.6
tree	base	0.75	1.7833518760421612	1.2155122476542601e-05	1.7833640311646377	0.7527777777777778	0.757794642249633	0.9889716185541957	0.8577791098272639	54.4	0.2833333333333333	0.02358076563958917	0.042833079074497835	17.6
tree	pca	0.25	1.7833518760421612	0.2669381631396391	2.0502900391818004	0.7527777777777778	0.756307847082495	0.9926753222578995	0.8582640973413886	54.4	0.15	0.010882352941176471	0.0202020202020202	17.6
tree	pca	0.50	1.7833518760421612	0.37958843845781304	2.1629403144999744	0.7527777777777778	0.7570327520679634	0.990951184326865	0.8580700326393627	54.4	0.2	0.015555555555555555	0.028708133971291867	17.6
tree	pca	0.75	1.7833518760421612	0.4032138592770025	2.1865657353191637	0.7527777777777778	0.757794642249633	0.9889716185541957	0.8577791098272639	54.4	0.2833333333333333	0.02358076563958917	0.042833079074497835	17.6
tree	rp	0.25	1.7833518760421612	0.010012581674254761	1.7933644577164158	0.7597222222222222	0.766439221363749	0.9814795937231988	0.8602780034879272	54.4	0.4766666666666667	0.07728168460366604	0.12590682391597724	17.6
tree	rp	0.50	1.7833518760421612	0.018391085131770523	1.8017429611739317	0.7513888888888889	0.7593906219356491	0.981361387150861	0.8560177745051576	54.4	0.3416666666666667	0.038138974888200894	0.06605614827582793	17.6
tree	rp	0.75	1.7833518760421612	0.028015280175441148	1.8113671562176024	0.7513888888888888	0.7580584959029539	0.9852303598129369	0.8566239421796951	54.4	0.2833333333333333	0.02722222222222222	0.0491410344041923	17.6
tree	mds	0.25	1.7833518760421612	11.33653717559182	13.119889051633981	0.7430555555555557	0.7531749962691753	0.9817411069135208	0.8520552503226726	54.4	0.03333333333333333	0.005	0.008695652173913045	17.6
tree	mds	0.50	1.7833518760421612	15.872843018998992	17.656194895041153	0.7569444444444444	0.7572468142186453	0.998076923076923	0.8609373052582742	54.4	0.15	0.010555555555555556	0.019617224880382776	17.6
tree	mds	0.75	1.7833518760421612	18.025545930166665	19.808897806208826	0.7541666666666667	0.7573620466761924	0.9925476083370821	0.8588824084197693	54.4	0.23333333333333334	0.01802521008403361	0.03314009661835749	17.6
MI	base	0.25	49.75413137859296	1.2090979180356953e-05	49.754143469572135	0.7277777777777777	0.7629238741476784	0.9305319156658924	0.8375680388259654	54.6	0.2854761904761905	0.09223366386981947	0.13518729016555103	17.4
MI	base	0.50	49.75413137859296	1.3758700424659764e-05	49.75414513729338	0.7277777777777777	0.7629238741476784	0.9305319156658924	0.8375680388259654	54.6	0.2854761904761905	0.09223366386981947	0.13518729016555103	17.4
MI	base	0.75	49.75413137859296	1.2379623603919753e-05	49.75414375821656	0.7277777777777777	0.7629238741476784	0.9305319156658924	0.8375680388259654	54.6	0.2854761904761905	0.09223366386981947	0.13518729016555103	17.4
MI	pca	0.25	49.75413137859296	0.2500780782204856	50.00420945681344	0.7388888888888888	0.7683590761978792	0.9394459985670658	0.8443689381269082	54.6	0.3519444444444445	0.11440158366931819	0.16632863271993706	17.4
MI	pca	0.50	49.75413137859296	0.39030932060568374	50.14444069919864	0.7333333333333333	0.7663150845324516	0.934104156244333	0.840779121685468	54.6	0.32071428571428573	0.11002869492572007	0.1572039369925427	17.4
MI	pca	0.75	49.75413137859296	0.3981378608971681	50.152269239490124	0.7277777777777777	0.7629238741476784	0.9305319156658924	0.8375680388259654	54.6	0.2854761904761905	0.09223366386981947	0.13518729016555103	17.4
MI	rp	0.25	49.75413137859296	0.00997348643904843	49.764104865032	0.725	0.7686343296510244	0.9151203571445967	0.8337853884867128	54.6	0.3691483516483517	0.13445588609204168	0.18239387542456595	17.4
MI	rp	0.50	49.75413137859296	0.018369853756848898	49.7725012323498	0.7305555555555555	0.7718098013219832	0.9153109831710957	0.8364363948898352	54.6	0.37555555555555553	0.15749682176455632	0.21502228278544067	17.4
MI	rp	0.75	49.75413137859296	0.027568042226630497	49.781699420819585	0.725	0.7678407613522445	0.9138659624533456	0.833336716625922	54.6	0.35833333333333334	0.13917547491918203	0.188907097421353	17.4
MI	mds	0.25	49.75413137859296	10.355548749257105	60.10968012785006	0.7180555555555557	0.761811000222863	0.9165599873632445	0.8308145950068259	54.6	0.2313095238095238	0.09713032581453633	0.13524920232191598	17.4
MI	mds	0.50	49.75413137859296	14.90473440416008	64.65886578275304	0.726388888888889	0.7643637474851785	0.9254055366472705	0.8359313167551227	54.6	0.3621428571428572	0.10537121789982203	0.15132472724676624	17.4
MI	mds	0.75	49.75413137859296	18.94697085689104	68.701102235484	0.7430555555555556	0.7690568827703539	0.9450902167835217	0.8470558015770863	54.6	0.404978354978355	0.10831553521484868	0.16277278277278276	17.4
ftest	base	0.25	0.08323503933770553	1.2507909559644759e-05	0.08324754724726517	0.773611111111111	0.791363646278522	0.9644761208343194	0.8690127687880421	56.2	0.4466666666666666	0.09661038909490922	0.1548088023088023	15.8
ftest	base	0.50	0.08323503933770553	1.1513691242726054e-05	0.08324655302894826	0.773611111111111	0.791363646278522	0.9644761208343194	0.8690127687880421	56.2	0.4466666666666666	0.09661038909490922	0.1548088023088023	15.8
ftest	base	0.75	0.08323503933770553	1.2636195970117115e-05	0.08324767553367565	0.773611111111111	0.791363646278522	0.9644761208343194	0.8690127687880421	56.2	0.4466666666666666	0.09661038909490922	0.1548088023088023	15.8
ftest	pca	0.25	0.08323503933770553	0.2542756044129419	0.33751064375064743	0.7736111111111111	0.7906439043980005	0.9663213058307087	0.8692557370794761	56.2	0.4133333333333333	0.09072803615373275	0.14426577808156754	15.8
ftest	pca	0.50	0.08323503933770553	0.3479824581378125	0.431217497475518	0.7722222222222223	0.7894750275746836	0.9665083682479226	0.8685880502430955	56.2	0.4269047619047619	0.08266808140260154	0.1330764411027569	15.8
ftest	pca	0.75	0.08323503933770553	0.3958076052582328	0.4790426445959383	0.773611111111111	0.791363646278522	0.9644761208343194	0.8690127687880421	56.2	0.4466666666666666	0.09661038909490922	0.1548088023088023	15.8
ftest	rp	0.25	0.08323503933770553	0.01012896937718324	0.09336400871488877	0.7499999999999999	0.7860165007706874	0.934159604422414	0.853256259751175	56.2	0.2769047619047619	0.09751993104934283	0.14295505329237998	15.8
ftest	rp	0.50	0.08323503933770553	0.018619562948333623	0.10185460228603915	0.7750000000000001	0.7930769668263784	0.9647539822830107	0.8697962145645232	56.2	0.43464285714285716	0.10448854035541341	0.1552741226856182	15.8
ftest	rp	0.75	0.08323503933770553	0.0266880306040548	0.10992306994176033	0.7680555555555555	0.7881018066730486	0.9629639428547018	0.866097848058342	56.2	0.25	0.07827300150829564	0.1158914763464501	15.8
ftest	mds	0.25	0.08323503933770553	10.165658026694837	10.248893066032542	0.7652777777777777	0.7894404900563331	0.9536784474278257	0.8634471260248852	56.2	0.32666666666666666	0.0949332182265619	0.14478583976410064	15.8
ftest	mds	0.50	0.08323503933770553	15.432306423260524	15.51554146259823	0.775	0.7924756371749038	0.9645053435111167	0.8695709707309917	56.2	0.5719047619047619	0.10393504972839337	0.16706548981148522	15.8
ftest	mds	0.75	0.08323503933770553	18.75147380058006	18.834708839917766	0.7722222222222221	0.790143799927457	0.964438838520473	0.8682434941118398	56.2	0.4966666666666666	0.09036038909490922	0.1460634540897699	15.8
