base	base	0.25	0.007208821475844398	1.4400131912891203e-05	0.007223221607757291	0.8099999999999999	0.8503083936197526	0.8228433344602208	0.8313193976713944	28.8	0.771631249185597	0.8021060292364639	0.7788287555655928	21.2
base	base	0.50	0.007208821475844398	1.7222429412133698e-05	0.007226043905256533	0.8099999999999999	0.8503083936197526	0.8228433344602208	0.8313193976713944	28.8	0.771631249185597	0.8021060292364639	0.7788287555655928	21.2
base	base	0.75	0.007208821475844398	1.7799717613242728e-05	0.007226621193457641	0.8099999999999999	0.8503083936197526	0.8228433344602208	0.8313193976713944	28.8	0.771631249185597	0.8021060292364639	0.7788287555655928	21.2
base	pca	0.25	0.007208821475844398	1.5422218280983173	1.5494306495741619	0.812	0.8469275407985085	0.828265682518218	0.8341619896208524	28.8	0.7745309964634908	0.7967512390990652	0.7791872090315267	21.2
base	pca	0.50	0.007208821475844398	1.8511839698629764	1.858392791338821	0.82	0.8673506406974149	0.8185566851261579	0.8385809525830534	28.8	0.7720394155806055	0.8270340673818934	0.7929074212030003	21.2
base	pca	0.75	0.007208821475844398	1.9561766142499644	1.9633854357258087	0.8099999999999999	0.8503083936197526	0.8228433344602208	0.8313193976713944	28.8	0.771631249185597	0.8021060292364639	0.7788287555655928	21.2
base	rp	0.25	0.007208821475844398	0.8002557386450118	0.8074645601208562	0.8100000000000002	0.8434026414198827	0.8269112602895564	0.8315206446600729	28.8	0.775920579846411	0.7918203149507498	0.7771565364758132	21.2
base	rp	0.50	0.007208821475844398	1.624645521029813	1.6318543425056575	0.8159999999999998	0.8549610418880196	0.8247945684020734	0.8360333096231806	28.8	0.7756117907857039	0.8116615847920198	0.7873225502397142	21.2
base	rp	0.75	0.007208821475844398	2.4357395558153003	2.4429483772911444	0.798	0.8341403258044938	0.8223362350687402	0.8233602089260229	28.8	0.760189359754577	0.7706270154965807	0.7570512764166766	21.2
base	mds	0.25	0.007208821475844398	43.35618771101083	43.36339653248668	0.8100000000000002	0.8481347044278079	0.8252164871695806	0.8312827626130597	28.8	0.7762112525156002	0.7963528452224103	0.7771173287717701	21.2
base	mds	0.50	0.007208821475844398	82.82701022152791	82.83421904300376	0.826	0.8644335289298992	0.8354664871695805	0.8443372959524504	28.8	0.797235192343888	0.8197612146307798	0.7980243755974705	21.2
base	mds	0.75	0.007208821475844398	131.11737217156875	131.1245809930446	0.808	0.8456470196987439	0.8256450585981521	0.8300606678428706	28.8	0.7751290014333493	0.7918073906769558	0.7740089811032608	21.2
l1	base	0.25	0.08344087463005963	1.4560489717041492e-05	0.08345543511977667	0.5619999999999999	0.5492456940222897	1.0	0.7058204343380133	26.7	0.9	0.0598986369910283	0.11105797101449275	23.3
l1	base	0.50	0.08344087463005963	1.202683620249445e-05	0.08345290146626212	0.5619999999999999	0.5492456940222897	1.0	0.7058204343380133	26.7	0.9	0.0598986369910283	0.11105797101449275	23.3
l1	base	0.75	0.08344087463005963	1.3373841784414254e-05	0.08345424847184404	0.5619999999999999	0.5492456940222897	1.0	0.7058204343380133	26.7	0.9	0.0598986369910283	0.11105797101449275	23.3
l1	pca	0.25	0.08344087463005963	0.13370762985691725	0.2171485044869769	0.5599999999999999	0.5488661890288029	1.0	0.7051520404888977	26.7	0.6	0.05778295376121463	0.10457312252964426	23.3
l1	pca	0.50	0.08344087463005963	0.13796410358213507	0.22140497821219468	0.5519999999999999	0.543921768707483	1.0	0.7012530227031752	26.7	0.7	0.03914136185875316	0.0738320644872369	23.3
l1	pca	0.75	0.08344087463005963	0.13803748331874885	0.2214783579488085	0.5619999999999999	0.5492456940222897	1.0	0.7058204343380133	26.7	0.9	0.0598986369910283	0.11105797101449275	23.3
l1	rp	0.25	0.08344087463005963	0.006663476615176478	0.09010435124523611	0.5740000000000001	0.5560183188909236	0.9961538461538462	0.710558754772836	26.7	0.8666666666666666	0.08963480561306648	0.1599189372720502	23.3
l1	rp	0.50	0.08344087463005963	0.012104096597022362	0.09554497122708198	0.574	0.5570119236408716	0.9961538461538462	0.7109594856121323	26.7	0.775	0.09184897630549804	0.16250815570591165	23.3
l1	rp	0.75	0.08344087463005963	0.017505781701038357	0.10094665633109798	0.568	0.5531840557684683	0.9956521739130434	0.7077821899950248	26.7	0.95	0.07944300667126752	0.14364958481449772	23.3
l1	mds	0.25	0.08344087463005963	5.573438716213786	5.656879590843846	0.558	0.5466989795918368	1.0	0.7039106430411468	26.7	0.8	0.049492609845870714	0.09157268537913699	23.3
l1	mds	0.50	0.08344087463005963	6.511110455425841	6.594551330055902	0.5579999999999999	0.5470824287161673	1.0	0.7039853921871817	26.7	0.7	0.0513841442374051	0.09472463768115942	23.3
l1	mds	0.75	0.08344087463005963	9.655821710331656	9.739262584961716	0.5579999999999999	0.5472959183673469	1.0	0.7040255398329631	26.7	0.7	0.052442345295606166	0.09681813638635228	23.3
l2	base	0.25	0.18483704599102566	1.3566271263698582e-05	0.18485061226228935	0.556	0.5545833333333333	0.9925925925925926	0.7096184892600452	27.6	0.2	0.017391304347826087	0.032	22.4
l2	base	0.50	0.18483704599102566	1.077604520105524e-05	0.1848478220362267	0.556	0.5545833333333333	0.9925925925925926	0.7096184892600452	27.6	0.2	0.017391304347826087	0.032	22.4
l2	base	0.75	0.18483704599102566	1.4528418159898137e-05	0.18485157440918557	0.556	0.5545833333333333	0.9925925925925926	0.7096184892600452	27.6	0.2	0.017391304347826087	0.032	22.4
l2	pca	0.25	0.18483704599102566	0.1336555456383394	0.31849259162936505	0.558	0.5555187074829931	0.9962962962962962	0.7113377875056593	27.6	0.25	0.017391304347826087	0.03233333333333334	22.4
l2	pca	0.50	0.18483704599102566	0.1395780408572591	0.3244150868482848	0.558	0.5555187074829931	0.9962962962962962	0.7113377875056593	27.6	0.25	0.017391304347826087	0.03233333333333334	22.4
l2	pca	0.75	0.18483704599102566	0.13666376205210326	0.3215008080431289	0.556	0.5545833333333333	0.9925925925925926	0.7096184892600452	27.6	0.2	0.017391304347826087	0.032	22.4
l2	rp	0.25	0.18483704599102566	0.006808696653388324	0.19164574264441397	0.5680000000000001	0.5616201693443335	0.9962962962962962	0.7160937674892816	27.6	0.5666666666666667	0.041840140535792714	0.07712173486315363	22.4
l2	rp	0.50	0.18483704599102566	0.012104513527356175	0.19694155951838183	0.5599999999999999	0.5569098639455782	0.9925925925925926	0.7114921430324331	27.6	0.4	0.026698663655185396	0.049786561264822136	22.4
l2	rp	0.75	0.18483704599102566	0.017430349384403597	0.20226739537542926	0.562	0.5579381965552177	0.9962962962962962	0.7132351861438974	27.6	0.36666666666666664	0.02689629211368342	0.049475524475524474	22.4
l2	mds	0.25	0.18483704599102566	5.122114721905928	5.306951767896953	0.558	0.5553520408163266	1.0	0.712134324302196	27.6	0.2	0.013043478260869565	0.024333333333333335	22.4
l2	mds	0.50	0.18483704599102566	6.543812385203864	6.72864943119489	0.558	0.5555187074829931	0.9962962962962962	0.7113377875056593	27.6	0.25	0.017391304347826087	0.03233333333333334	22.4
l2	mds	0.75	0.18483704599102566	9.631577276271173	9.8164143222622	0.5599999999999999	0.5566615646258504	0.9962962962962962	0.7122701884380602	27.6	0.35	0.02193675889328063	0.04102898550724638	22.4
tree	base	0.25	1.0810447760714852	1.5811280763955438e-05	1.081060587352249	0.798	0.8404036784471567	0.7757216406960565	0.8040606361361486	27.3	0.7590190857853901	0.8244105372125967	0.7880284462091744	22.7
tree	base	0.50	1.0810447760714852	1.2283408750590752e-05	1.0810570594802358	0.798	0.8404036784471567	0.7757216406960565	0.8040606361361486	27.3	0.7590190857853901	0.8244105372125967	0.7880284462091744	22.7
tree	base	0.75	1.0810447760714852	1.3566271127274376e-05	1.0810583423426123	0.798	0.8404036784471567	0.7757216406960565	0.8040606361361486	27.3	0.7590190857853901	0.8244105372125967	0.7880284462091744	22.7
tree	pca	0.25	1.0810447760714852	0.135550814665703	1.2165955907371881	0.798	0.8404036784471567	0.7757216406960565	0.8040606361361486	27.3	0.7590190857853901	0.8244105372125967	0.7880284462091744	22.7
tree	pca	0.50	1.0810447760714852	0.12807602371626672	1.2091207997877518	0.798	0.8404036784471567	0.7757216406960565	0.8040606361361486	27.3	0.7590190857853901	0.8244105372125967	0.7880284462091744	22.7
tree	pca	0.75	1.0810447760714852	0.13438504541491056	1.2154298214863957	0.798	0.8404036784471567	0.7757216406960565	0.8040606361361486	27.3	0.7590190857853901	0.8244105372125967	0.7880284462091744	22.7
tree	rp	0.25	1.0810447760714852	0.006660686389204784	1.0877054624606899	0.8	0.8499250570075159	0.7685528143014237	0.805094548100359	27.3	0.7543215906476777	0.8362426174130979	0.7911446338162162	22.7
tree	rp	0.50	1.0810447760714852	0.012133377934196688	1.0931781540056817	0.8099999999999999	0.8510768293573342	0.7914025523769683	0.8183564958581504	27.3	0.7707085709442688	0.8340215211942901	0.7985288277613858	22.7
tree	rp	0.75	1.0810447760714852	0.017604497972615717	1.0986492740441007	0.8180000000000002	0.8624952505986989	0.7948045089669116	0.8253405636053939	27.3	0.77594851924687	0.8461142530238639	0.807419521690776	22.7
tree	mds	0.25	1.0810447760714852	5.625992622899048	6.707037398970533	0.8080000000000002	0.849314541463283	0.7872714982459141	0.8152478654796701	27.3	0.7680116561014176	0.83274387054593	0.7973302726158353	22.7
tree	mds	0.50	1.0810447760714852	6.4381090349762875	7.519153811047772	0.798	0.8386579307631938	0.7800456917943012	0.8062495416815546	27.3	0.7586383579020325	0.8185521412226218	0.7855874928372247	22.7
tree	mds	0.75	1.0810447760714852	9.160719615320886	10.24176439139237	0.7979999999999999	0.8371478649064855	0.7797102446846607	0.8055087209687863	27.3	0.7599731789949181	0.8185521412226218	0.7863746002399297	22.7
MI	base	0.25	31.70115322926963	1.1128832420581603e-05	31.70116435810205	0.834	0.8674534637475814	0.8307526783252589	0.8474548191858782	28.0	0.7961418617614269	0.8339916565763248	0.8125398376699684	22.0
MI	base	0.50	31.70115322926963	1.2924839984407299e-05	31.701166154109615	0.834	0.8674534637475814	0.8307526783252589	0.8474548191858782	28.0	0.7961418617614269	0.8339916565763248	0.8125398376699684	22.0
MI	base	0.75	31.70115322926963	1.1000546146533452e-05	31.701164229815777	0.834	0.8674534637475814	0.8307526783252589	0.8474548191858782	28.0	0.7961418617614269	0.8339916565763248	0.8125398376699684	22.0
MI	pca	0.25	31.70115322926963	0.14077777389343282	31.84193100316306	0.834	0.8674534637475814	0.8307526783252589	0.8474548191858782	28.0	0.7961418617614269	0.8339916565763248	0.8125398376699684	22.0
MI	pca	0.50	31.70115322926963	0.1296397689949572	31.830792998264588	0.834	0.8674534637475814	0.8307526783252589	0.8474548191858782	28.0	0.7961418617614269	0.8339916565763248	0.8125398376699684	22.0
MI	pca	0.75	31.70115322926963	0.13328948081598355	31.834442710085614	0.834	0.8674534637475814	0.8307526783252589	0.8474548191858782	28.0	0.7961418617614269	0.8339916565763248	0.8125398376699684	22.0
MI	rp	0.25	31.70115322926963	0.006728774317980424	31.70788200358761	0.8220000000000001	0.8577360128696336	0.8160881254348995	0.8353707159785981	28.0	0.7797007476947506	0.8259395726317923	0.8009130309840987	22.0
MI	rp	0.50	31.70115322926963	0.012045437707911333	31.71319866697754	0.834	0.8751983751354947	0.8236802092769835	0.8454714158390629	28.0	0.793254862287471	0.8410044770891453	0.8130379844245391	22.0
MI	rp	0.75	31.70115322926963	0.01754176599492894	31.71869499526456	0.8400000000000001	0.8661925836647807	0.8441673608649415	0.8529590074544675	28.0	0.8143410200524214	0.8305618320149213	0.8191116052667935	22.0
MI	mds	0.25	31.70115322926963	4.76968361723616	36.47083684650579	0.8200000000000001	0.8561801073185448	0.8160979164204971	0.8334489917078931	28.0	0.7832795527000332	0.8203806725946314	0.7982231333510608	22.0
MI	mds	0.50	31.70115322926963	5.8445617693495935	37.545714998619225	0.8220000000000001	0.8662487841614152	0.810067622789397	0.8345936617472594	28.0	0.7782419028340081	0.8327413191944085	0.8012028927454461	22.0
MI	mds	0.75	31.70115322926963	9.137280850999696	40.83843408026932	0.8220000000000001	0.8565360379704081	0.8208185385403128	0.836748941870429	28.0	0.7837931229504455	0.8200601597741187	0.7989853462551673	22.0
ftest	base	0.25	0.054144014788880666	1.1609905823206645e-05	0.05415562469470388	0.726	0.7687375255257443	0.7636689672952187	0.7612354922684197	29.3	0.6845669632511738	0.6718252181255278	0.6701783699563145	20.7
ftest	base	0.50	0.054144014788880666	1.3117269281792687e-05	0.05415713205816246	0.726	0.7687375255257443	0.7636689672952187	0.7612354922684197	29.3	0.6845669632511738	0.6718252181255278	0.6701783699563145	20.7
ftest	base	0.75	0.054144014788880666	2.3508455842602417e-05	0.05416752324472327	0.726	0.7687375255257443	0.7636689672952187	0.7612354922684197	29.3	0.6845669632511738	0.6718252181255278	0.6701783699563145	20.7
ftest	pca	0.25	0.054144014788880666	0.13508677121785695	0.18923078600673762	0.726	0.7687375255257443	0.7636689672952187	0.7612354922684197	29.3	0.6845669632511738	0.6718252181255278	0.6701783699563145	20.7
ftest	pca	0.50	0.054144014788880666	0.1287357357714427	0.18287975056032338	0.726	0.7687375255257443	0.7636689672952187	0.7612354922684197	29.3	0.6845669632511738	0.6718252181255278	0.6701783699563145	20.7
ftest	pca	0.75	0.054144014788880666	0.12873191925541505	0.18287593404429572	0.726	0.7687375255257443	0.7636689672952187	0.7612354922684197	29.3	0.6845669632511738	0.6718252181255278	0.6701783699563145	20.7
ftest	rp	0.25	0.054144014788880666	0.006700326841200877	0.060844341630081546	0.7419999999999999	0.775940934065934	0.7887144668457238	0.7770694943530627	29.3	0.7094696969696969	0.6787618779569244	0.6858405108405108	20.7
ftest	rp	0.50	0.054144014788880666	0.012059741625034804	0.06620375641391547	0.736	0.7750280554386565	0.7731866039040678	0.7690657654576183	29.3	0.7006355901119663	0.6839048825271735	0.6833350296010708	20.7
ftest	rp	0.75	0.054144014788880666	0.017891762964200097	0.07203577775308076	0.734	0.7699578185506176	0.7816434159092668	0.7694858962489431	29.3	0.7069912273716621	0.6689703871979413	0.6762524390642474	20.7
ftest	mds	0.25	0.054144014788880666	5.009468872463231	5.063612887252111	0.722	0.7632326352272125	0.7630486199006778	0.7580384756701994	29.3	0.6807301095876946	0.6637083350086446	0.6642313384454279	20.7
ftest	mds	0.50	0.054144014788880666	5.860086683021018	5.914230697809899	0.712	0.7568937095040036	0.7500914621159337	0.7482603059510116	29.3	0.6658500721627981	0.6585676423679521	0.6547725703713099	20.7
ftest	mds	0.75	0.054144014788880666	9.972387378300436	10.026531393089318	0.716	0.7619376658287947	0.7535905399754121	0.7528713117450723	29.3	0.6664851915577868	0.6637083350086446	0.6585712546898301	20.7
