base	base	0.25	0.013333078898929707	2.0140941719049184e-05	0.013353219840648755	0.7708333333333334	0.7860247305443917	0.9678528348379775	0.8671226920783479	55.8	0.475	0.08944644794489995	0.14485009392426274	16.2
base	base	0.50	0.013333078898929707	1.9852297650890804e-05	0.013352931196580597	0.7708333333333334	0.7860247305443917	0.9678528348379775	0.8671226920783479	55.8	0.475	0.08944644794489995	0.14485009392426274	16.2
base	base	0.75	0.013333078898929707	2.427817345154182e-05	0.013357357072381249	0.7708333333333334	0.7860247305443917	0.9678528348379775	0.8671226920783479	55.8	0.475	0.08944644794489995	0.14485009392426274	16.2
base	pca	0.25	0.013333078898929707	1.5685476103959606	1.58188068929489	0.7652777777777778	0.7847231383851988	0.9609282545785515	0.8635327776081017	55.8	0.45499999999999996	0.08913537614776004	0.14558755254407427	16.2
base	pca	0.50	0.013333078898929707	2.1901929649743916	2.2035260438733215	0.7597222222222222	0.77638249795181	0.9698648681431141	0.8618510915439783	55.8	0.23333333333333334	0.035679824561403506	0.05747474747474748	16.2
base	pca	0.75	0.013333078898929707	2.4507233580722714	2.4640564369712012	0.7708333333333334	0.7860247305443917	0.9678528348379775	0.8671226920783479	55.8	0.475	0.08944644794489995	0.14485009392426274	16.2
base	rp	0.25	0.013333078898929707	0.9719956882990797	0.9853287671980094	0.7583333333333333	0.7783660487437609	0.9627550048263543	0.8603301578967502	55.8	0.33999999999999997	0.05312435500515996	0.08771929824561403	16.2
base	rp	0.50	0.013333078898929707	1.8711481010267037	1.8844811799256334	0.7611111111111111	0.7804665046686066	0.9625502340555461	0.861669111288545	55.8	0.31166666666666665	0.06456254701610738	0.10595262860709084	16.2
base	rp	0.75	0.013333078898929707	2.8132906161493283	2.8266236950482577	0.763888888888889	0.7843343317796785	0.9589458291590779	0.8624475737483749	55.8	0.4258333333333334	0.08821827853948597	0.13938663950428656	16.2
base	mds	0.25	0.013333078898929707	62.95128647057898	62.9646195494779	0.7611111111111111	0.7796736085738643	0.964307919805972	0.8618635334053902	55.8	0.35	0.060181742062547026	0.10149312675628466	16.2
base	mds	0.50	0.013333078898929707	118.36979997286744	118.38313305176635	0.7611111111111111	0.7779559025079719	0.9677864437019188	0.8622497660298869	55.8	0.33333333333333337	0.04660708142906285	0.07989304812834225	16.2
base	mds	0.75	0.013333078898929707	187.17446154250752	187.18779462140643	0.7611111111111111	0.7795931540944974	0.9642138759188246	0.8618246636415089	55.8	0.315	0.05873943437023933	0.09788910779622853	16.2
l1	base	0.25	0.1623410894132121	1.3405913250608137e-05	0.1623544953264627	0.7291666666666667	0.7899586981590377	0.8745918877304326	0.8288186100070154	54.5	0.42031279178338005	0.2802485994397759	0.32500148785893107	17.5
l1	base	0.50	0.1623410894132121	1.626028256396239e-05	0.16235734969577606	0.7291666666666667	0.7899586981590377	0.8745918877304326	0.8288186100070154	54.5	0.42031279178338005	0.2802485994397759	0.32500148785893107	17.5
l1	base	0.75	0.1623410894132121	1.5330207088481983e-05	0.1623564196203006	0.7291666666666667	0.7899586981590377	0.8745918877304326	0.8288186100070154	54.5	0.42031279178338005	0.2802485994397759	0.32500148785893107	17.5
l1	pca	0.25	0.1623410894132121	0.13171617821144538	0.29405726762465745	0.7125	0.7810322758101497	0.8629045026181249	0.818957466240178	54.5	0.3442735042735043	0.2380567226890756	0.27625311473481007	17.5
l1	pca	0.50	0.1623410894132121	0.10552779049048695	0.26786887990369906	0.7319444444444445	0.7931168531460292	0.8751724836051462	0.8308013040354154	54.5	0.4139340776182882	0.2853151260504202	0.32900068970703006	17.5
l1	pca	0.75	0.1623410894132121	0.11903604426779565	0.28137713368100775	0.7347222222222223	0.7907998865688254	0.8841031620598183	0.8335009939350607	54.5	0.43234562006620825	0.2738200280112045	0.32246212079179226	17.5
l1	rp	0.25	0.1623410894132121	0.001981220816969653	0.16432231023018176	0.6833333333333333	0.7578168571063355	0.857714176947923	0.8028908577647889	54.5	0.2542024642024642	0.15140406162464987	0.1808221468074409	17.5
l1	rp	0.50	0.1623410894132121	0.002910879219598428	0.16525196863281053	0.6944444444444444	0.7702390795785439	0.851527769186438	0.8076623384930761	54.5	0.2870979020979021	0.2054796918767507	0.23383551046171352	17.5
l1	rp	0.75	0.1623410894132121	0.003842654345135088	0.16618374375834719	0.6944444444444444	0.7644422118963677	0.8627347459042506	0.809346370350635	54.5	0.2703196803196803	0.17181022408963584	0.20596615687882552	17.5
l1	mds	0.25	0.1623410894132121	14.43564828014637	14.597989369559581	0.725	0.7905397974759754	0.8659198940893986	0.8255163280090951	54.5	0.4111040838246721	0.2878781512605042	0.33216318322696686	17.5
l1	mds	0.50	0.1623410894132121	10.049068016409047	10.21140910582226	0.7166666666666667	0.7827904309227366	0.8662239179808839	0.8212617651564391	54.5	0.37818178553472676	0.2492577030812325	0.29287434336556684	17.5
l1	mds	0.75	0.1623410894132121	9.48486392196096	9.647205011374172	0.7180555555555554	0.7824322429068462	0.8689172437469651	0.822285402544099	54.5	0.36482852115205056	0.2490966386554622	0.28844519888690623	17.5
l2	base	0.25	0.6336468863161826	1.619613931325148e-05	0.6336630824554959	0.6736111111111112	0.7569862196685786	0.824423012091702	0.7880157056594425	53.2	0.3402601809954751	0.24935456064403433	0.2824376758432486	18.8
l2	base	0.50	0.6336468863161826	1.7543145168019693e-05	0.6336644294613507	0.6736111111111112	0.7569862196685786	0.824423012091702	0.7880157056594425	53.2	0.3402601809954751	0.24935456064403433	0.2824376758432486	18.8
l2	base	0.75	0.6336468863161826	1.8248719516122947e-05	0.6336651350356988	0.6736111111111112	0.7569862196685786	0.824423012091702	0.7880157056594425	53.2	0.3402601809954751	0.24935456064403433	0.2824376758432486	18.8
l2	pca	0.25	0.6336468863161826	0.1260867850084651	0.7597336713246478	0.663888888888889	0.7633845331742299	0.7917519998862141	0.7756898881962082	53.2	0.33325157685451806	0.2994681970076707	0.3089875883940068	18.8
l2	pca	0.50	0.6336468863161826	0.1005455372902361	0.7341924236064188	0.6888888888888889	0.7633415583461017	0.8408610707696796	0.7988092851729215	53.2	0.3589128192069369	0.25757425761373126	0.29338219967442125	18.8
l2	pca	0.75	0.6336468863161826	0.1212966083999163	0.7549434947160989	0.675	0.7635509928427939	0.8183480504103574	0.787638808051895	53.2	0.34594155844155844	0.2741036492747019	0.2957645524781748	18.8
l2	rp	0.25	0.6336468863161826	0.0020069742818122904	0.6356538605979949	0.6902777777777779	0.7566948358124305	0.85905287149044	0.8024904857185694	53.2	0.34773269128532286	0.2190585934533303	0.25587607755052566	18.8
l2	rp	0.50	0.6336468863161826	0.003078453137095494	0.6367253394532781	0.6222222222222221	0.7369926558110113	0.7680049156064466	0.74661695999969	53.2	0.25111594457120273	0.22213651553125238	0.2173719936647433	18.8
l2	rp	0.75	0.6336468863161826	0.0040811705608575725	0.6377280568770403	0.6847222222222222	0.7553236909651642	0.8481611370411256	0.7965695945596197	53.2	0.39416433239962645	0.22882446646920332	0.2723567665639277	18.8
l2	mds	0.25	0.6336468863161826	12.821897244635693	13.455544130951875	0.6652777777777777	0.762832617223909	0.7929265804118101	0.7769948976044151	53.2	0.3358477831078451	0.30256489709121287	0.3162235000498826	18.8
l2	mds	0.50	0.6336468863161826	8.557173270147995	9.190820156464179	0.6819444444444445	0.7600950779639304	0.8340643782763275	0.7935613057853679	53.2	0.36633838383838385	0.255032771322245	0.292402454609222	18.8
l2	mds	0.75	0.6336468863161826	8.956263367828251	9.589910254144433	0.6847222222222223	0.766768074171993	0.8253786875675535	0.7940928044981217	53.2	0.35625916395266244	0.2856191615402141	0.31306485671191553	18.8
tree	base	0.25	1.796600350157405	1.52981356222881e-05	1.7966156482930273	0.763888888888889	0.7695625200478231	0.9857597810459179	0.8633236653102149	54.8	0.5166666666666666	0.061470871021113316	0.10689890501655208	17.2
tree	base	0.50	1.796600350157405	2.6426968088344437e-05	1.7966267771254933	0.763888888888889	0.7695625200478231	0.9857597810459179	0.8633236653102149	54.8	0.5166666666666666	0.061470871021113316	0.10689890501655208	17.2
tree	base	0.75	1.796600350157405	1.725450119920424e-05	1.7966176046586042	0.763888888888889	0.7695625200478231	0.9857597810459179	0.8633236653102149	54.8	0.5166666666666666	0.061470871021113316	0.10689890501655208	17.2
tree	pca	0.25	1.796600350157405	0.11972814860164363	1.9163284987590488	0.7569444444444444	0.7728254382248186	0.9659081773992304	0.857553609674059	54.8	0.29642857142857143	0.09100501648708001	0.1377977577977578	17.2
tree	pca	0.50	1.796600350157405	0.13435117784420073	1.9309515280016059	0.7597222222222222	0.7679783046102704	0.9821413637918015	0.8608486980145906	54.8	0.45	0.057325573313929755	0.09819548872180452	17.2
tree	pca	0.75	1.796600350157405	0.0793861951805411	1.875986545337946	0.761111111111111	0.7691144951550737	0.9822466839734988	0.8615803344624648	54.8	0.4583333333333333	0.06238620282889364	0.10571924803483561	17.2
tree	rp	0.25	1.796600350157405	0.0021593783504613383	1.7987597285078665	0.7333333333333333	0.7645506256380807	0.9373277137292246	0.8413514001080715	54.8	0.30833333333333335	0.08358318966745404	0.12691119246811988	17.2
tree	rp	0.50	1.796600350157405	0.00301921695972851	1.7996195671171336	0.7388888888888889	0.7678197646875715	0.9439691971980386	0.8454713958601048	54.8	0.32976190476190476	0.09415517630990776	0.1380632135895294	17.2
tree	rp	0.75	1.796600350157405	0.003957438470024499	1.8005577886274295	0.7583333333333333	0.7699455060893607	0.9724406776642007	0.8587093930716471	54.8	0.45166666666666666	0.07185294064231337	0.1195450305217434	17.2
tree	mds	0.25	1.796600350157405	14.63846419546726	16.435064545624662	0.7486111111111112	0.7689752726777112	0.9610742633920324	0.8527889205188078	54.8	0.37857142857142856	0.08129062428126906	0.12306277056277055	17.2
tree	mds	0.50	1.796600350157405	10.663655638645741	12.460255988803146	0.7555555555555556	0.7681722213987359	0.9731003649376435	0.8576585314025804	54.8	0.255	0.058268596560257624	0.09344724556489263	17.2
tree	mds	0.75	1.796600350157405	10.895213543692899	12.691813893850304	0.7611111111111112	0.7688509888544108	0.9822235805140241	0.8615516859383068	54.8	0.35	0.058532835394963546	0.09918901785909459	17.2
MI	base	0.25	52.09851444519245	1.2572052764880936e-05	52.09852701724522	0.7513888888888889	0.7887006852662841	0.9266469562496337	0.8514269442242514	55.6	0.3692929292929293	0.15423223834988542	0.21431285029413982	16.4
MI	base	0.50	52.09851444519245	2.1359661059250356e-05	52.09853580485351	0.7513888888888889	0.7887006852662841	0.9266469562496337	0.8514269442242514	55.6	0.3692929292929293	0.15423223834988542	0.21431285029413982	16.4
MI	base	0.75	52.09851444519245	1.95636536773236e-05	52.09853400884613	0.7513888888888889	0.7887006852662841	0.9266469562496337	0.8514269442242514	55.6	0.3692929292929293	0.15423223834988542	0.21431285029413982	16.4
MI	pca	0.25	52.09851444519245	0.10279750624349618	52.20131195143595	0.726388888888889	0.7839116110069699	0.8920479943295829	0.8331103985039026	55.6	0.31331723831723834	0.17016265597147948	0.21056987666477042	16.4
MI	pca	0.50	52.09851444519245	0.1052847842562187	52.20379922944867	0.7388888888888889	0.7842187932938367	0.9139538498410025	0.8431925234281115	55.6	0.30219780219780223	0.14114845938375348	0.18649294175609968	16.4
MI	pca	0.75	52.09851444519245	0.116126159266787	52.214640604459234	0.7555555555555555	0.7932409272777987	0.9251366760241831	0.8531411929189406	55.6	0.41793650793650794	0.1785459638400815	0.2438400190843876	16.4
MI	rp	0.25	52.09851444519245	0.002077788293809135	52.10059223348626	0.7097222222222221	0.7763643580924362	0.8784725138462447	0.8231451899905714	55.6	0.26247446997447	0.141147504456328	0.17666760195681216	16.4
MI	rp	0.50	52.09851444519245	0.003018735886507784	52.101533181078956	0.7152777777777779	0.7823927890959197	0.8741514814637498	0.8247454618853359	55.6	0.3064460539460539	0.17325884899414312	0.21320876256360127	16.4
MI	rp	0.75	52.09851444519245	0.004164684911393124	52.102679130103844	0.726388888888889	0.7860374531581964	0.8921729387310597	0.8336253753916525	55.6	0.3665873015873015	0.17808982683982685	0.21617576201103791	16.4
MI	mds	0.25	52.09851444519245	12.942569419700249	65.0410838648927	0.7319444444444445	0.7854062059282216	0.900278044187505	0.8374075318439005	55.6	0.34042388167388166	0.16178698752228163	0.20872370738889093	16.4
MI	mds	0.50	52.09851444519245	9.85534605697776	61.95386050217021	0.7180555555555556	0.7775516173384223	0.8905540890148126	0.8288795956894282	55.6	0.273011988011988	0.13692131398013752	0.17142735982844876	16.4
MI	mds	0.75	52.09851444519245	9.952654579322006	62.05116902451446	0.7305555555555554	0.7813935641588249	0.9050579119301677	0.8375841012597723	55.6	0.30556277056277054	0.14361026228673288	0.18737633381111646	16.4
ftest	base	0.25	0.09726169786217724	1.2988983144168742e-05	0.09727468684532141	0.7305555555555555	0.7676064190875063	0.9211373235979758	0.8362423616756758	54.0	0.3905952380952381	0.16008925111546593	0.2200354047575143	18.0
ftest	base	0.50	0.09726169786217724	1.670928440944408e-05	0.09727840714658668	0.7305555555555555	0.7676064190875063	0.9211373235979758	0.8362423616756758	54.0	0.3905952380952381	0.16008925111546593	0.2200354047575143	18.0
ftest	base	0.75	0.09726169786217724	1.959572500709328e-05	0.09728129358718433	0.7305555555555555	0.7676064190875063	0.9211373235979758	0.8362423616756758	54.0	0.3905952380952381	0.16008925111546593	0.2200354047575143	18.0
ftest	pca	0.25	0.09726169786217724	0.12385418727926663	0.22111588514144387	0.7291666666666666	0.7730791505025548	0.9082552635969419	0.8334578404560901	54.0	0.44693695193695193	0.19207541712337106	0.24545385316000012	18.0
ftest	pca	0.50	0.09726169786217724	0.17176342603843295	0.2690251239006102	0.7222222222222222	0.7650803251330143	0.9116947156027896	0.8305260289231263	54.0	0.35118506493506496	0.1553111125873274	0.20507407771480998	18.0
ftest	pca	0.75	0.09726169786217724	0.12349213140241773	0.22075382926459497	0.7291666666666667	0.7698545936532939	0.9139402447664431	0.8342374800682408	54.0	0.43961455211455214	0.17925591778213257	0.23983316522446954	18.0
ftest	rp	0.25	0.09726169786217724	0.0020352614009425452	0.0992969592631198	0.6986111111111112	0.7641635410345642	0.8697117125021927	0.8114272953857353	54.0	0.31567307692307695	0.19329876219262407	0.22720179595753764	18.0
ftest	rp	0.50	0.09726169786217724	0.0029663630238246697	0.10022806088600192	0.7291666666666666	0.7728944278911418	0.9061989785519883	0.833236894919448	54.0	0.40246114996115	0.198852343308865	0.26200181727318156	18.0
ftest	rp	0.75	0.09726169786217724	0.0038803384320999614	0.1011420362942772	0.7333333333333333	0.7699937104025949	0.9232821455921092	0.8382017451961415	54.0	0.38267676767676767	0.16855810110605504	0.22357305004363828	18.0
ftest	mds	0.25	0.09726169786217724	12.51547016751283	12.612731865375007	0.7208333333333333	0.7704678978946902	0.8968250079111005	0.8275120828802294	54.0	0.36887551990493167	0.19153751619224763	0.24188345753863	18.0
ftest	mds	0.50	0.09726169786217724	8.51317182307921	8.610433520941388	0.7472222222222223	0.7782707586762768	0.930217524099229	0.8461746174332733	54.0	0.4624458874458874	0.20461306063927545	0.27379154179154186	18.0
ftest	mds	0.75	0.09726169786217724	9.6388752566927	9.736136954554876	0.7333333333333334	0.7693943407864141	0.9227955323360163	0.8379829376370307	54.0	0.3952380952380953	0.16446209906887654	0.22320082815734993	18.0
