base	base	0.25	0.007208180044693475	1.391905844435829e-05	0.007222099103137834	0.8039999999999999	0.8790783609928072	0.7808599756750481	0.8223863010914997	29.6	0.7331324885932917	0.8425514543935595	0.7786837351734752	20.4
base	base	0.50	0.007208180044693475	1.5939566928468984e-05	0.007224119611621944	0.8039999999999999	0.8790783609928072	0.7808599756750481	0.8223863010914997	29.6	0.7331324885932917	0.8425514543935595	0.7786837351734752	20.4
base	base	0.75	0.007208180044693475	1.581128067495996e-05	0.007223991325368435	0.8039999999999999	0.8790783609928072	0.7808599756750481	0.8223863010914997	29.6	0.7331324885932917	0.8425514543935595	0.7786837351734752	20.4
base	pca	0.25	0.007208180044693475	1.2985349068497474	1.3057430868944409	0.784	0.8622953342953343	0.7651750520521376	0.8055020859683886	29.6	0.7106505710278501	0.8177428419533683	0.7545670428778798	20.4
base	pca	0.50	0.007208180044693475	1.7483976565950896	1.7556058366397829	0.786	0.8850965962240327	0.7421710197940732	0.8019474179350121	29.6	0.7004104267310789	0.8584351029087871	0.7658061052365863	20.4
base	pca	0.75	0.007208180044693475	2.188381595156158	2.195589775200851	0.8039999999999999	0.8790783609928072	0.7808599756750481	0.8223863010914997	29.6	0.7331324885932917	0.8425514543935595	0.7786837351734752	20.4
base	rp	0.25	0.007208180044693475	0.8465075831607191	0.8537157632054125	0.778	0.8609778184778184	0.7551444472287074	0.7981684047375557	29.6	0.7038640924293098	0.8174901268322321	0.7501064809009342	20.4
base	rp	0.50	0.007208180044693475	1.7388035126059163	1.7460116926506095	0.79	0.8754636569078098	0.760859975675048	0.8094132158545791	29.6	0.711541722645171	0.8362850307587151	0.7629488086226607	20.4
base	rp	0.75	0.007208180044693475	2.473778738926934	2.480986918971628	0.8	0.8814847261961205	0.7710683090083813	0.8180517463392052	29.6	0.7233728817284217	0.8484098503835348	0.7758484117891749	20.4
base	mds	0.25	0.007208180044693475	66.95891206201867	66.96612024206337	0.784	0.8605612635507447	0.767734975675048	0.8057210936127861	29.6	0.7135307764652639	0.8140307207412472	0.7535885644343416	20.4
base	mds	0.50	0.007208180044693475	116.42425466488905	116.43146284493375	0.794	0.8706047009974078	0.7749144628545351	0.8146571315487444	29.6	0.7224177041828551	0.8284605453026505	0.7656038844876053	20.4
base	mds	0.75	0.007208180044693475	175.71012768651454	175.71733586655924	0.788	0.8642261187511526	0.771183251537117	0.8090335792643198	29.6	0.7194240280564559	0.8184605453026507	0.7583532387964673	20.4
l1	base	0.25	0.09166402343535082	1.2796553710359148e-05	0.09167681998906119	0.614	0.5915653800167301	0.9930952380952383	0.7409959117993076	27.8	0.9523809523809523	0.13807265198569546	0.23230813381188192	22.2
l1	base	0.50	0.09166402343535082	1.0359114821767434e-05	0.0916743825501726	0.614	0.5915653800167301	0.9930952380952383	0.7409959117993076	27.8	0.9523809523809523	0.13807265198569546	0.23230813381188192	22.2
l1	base	0.75	0.09166402343535082	1.289276829083974e-05	0.09167691620364167	0.614	0.5915653800167301	0.9930952380952383	0.7409959117993076	27.8	0.9523809523809523	0.13807265198569546	0.23230813381188192	22.2
l1	pca	0.25	0.09166402343535082	0.022704710382413396	0.11436873381776422	0.6379999999999999	0.6150023278022736	0.9387669992842407	0.7422864914863802	27.8	0.7737445887445886	0.2610050818746471	0.3827511771527999	22.2
l1	pca	0.50	0.09166402343535082	0.021444907308341497	0.11310893074369233	0.62	0.5971677478677546	0.9785165536889675	0.7410478788174195	27.8	0.8861111111111111	0.17059947299077732	0.27663897736723825	22.2
l1	pca	0.75	0.09166402343535082	0.019861630447758218	0.11152565388310905	0.606	0.5876322914948595	0.9820971046833117	0.7347710163736849	27.8	0.868095238095238	0.13428477319781668	0.2247704224810671	22.2
l1	rp	0.25	0.09166402343535082	0.0015886007402059477	0.09325262417555677	0.618	0.6074989155701997	0.8962701921322612	0.7224269767820025	27.8	0.6944122544122544	0.2711081309994353	0.37717331769507395	22.2
l1	rp	0.50	0.09166402343535082	0.0022457791417764385	0.09390980257712726	0.618	0.6026685010983821	0.9325805930978344	0.7307184484420585	27.8	0.7309415584415585	0.22602437417654805	0.3336564770835871	22.2
l1	rp	0.75	0.09166402343535082	0.0031344821581114958	0.09479850559346233	0.636	0.6098693462529808	0.9642115419701627	0.7465469271870381	27.8	0.8318253968253968	0.2247360248447205	0.34799017469985216	22.2
l1	mds	0.25	0.09166402343535082	6.497256149481791	6.588920172917142	0.632	0.6072263815682916	0.9601201352925491	0.7432342059096498	27.8	0.8401839826839825	0.22094579333709768	0.3421116651674788	22.2
l1	mds	0.50	0.09166402343535082	8.38879525417833	8.480459277613681	0.6239999999999999	0.5999707825424485	0.9823525325249465	0.7442192842997016	27.8	0.8716666666666665	0.1762812911725955	0.2855082199142266	22.2
l1	mds	0.75	0.09166402343535082	8.747771010321639	8.83943503375699	0.616	0.593368332047661	0.9896469622331692	0.7413729088241917	27.8	0.919047619047619	0.14756117071334462	0.24659325099355084	22.2
l2	base	0.25	0.18773580215961375	1.388698683513212e-05	0.18774968914644888	0.6	0.6042957736286003	0.9807325268817205	0.7456779013796087	30.2	0.2833333333333333	0.02036416799574694	0.037267080745341616	19.8
l2	base	0.50	0.18773580215961375	1.1160904114149161e-05	0.1877469630637279	0.6	0.6042957736286003	0.9807325268817205	0.7456779013796087	30.2	0.2833333333333333	0.02036416799574694	0.037267080745341616	19.8
l2	base	0.75	0.18773580215961375	1.1225047137486399e-05	0.18774702720675124	0.6	0.6042957736286003	0.9807325268817205	0.7456779013796087	30.2	0.2833333333333333	0.02036416799574694	0.037267080745341616	19.8
l2	pca	0.25	0.18773580215961375	0.040450098732162584	0.22818590089177632	0.5980000000000001	0.6168423582933189	0.887769777265745	0.7253015790993229	30.2	0.4826190476190476	0.16246654946883776	0.23887368830847086	19.8
l2	pca	0.50	0.18773580215961375	0.017786888952605294	0.20552269111221905	0.5900000000000001	0.6011162094810173	0.9618585722819594	0.7374249839400525	30.2	0.2833333333333333	0.025627325890483783	0.045134575569358175	19.8
l2	pca	0.75	0.18773580215961375	0.015527639754327537	0.20326344191394127	0.5940000000000001	0.6015829353017803	0.9698446833930705	0.7406071647645286	30.2	0.26666666666666666	0.02036416799574694	0.036834180312441185	19.8
l2	rp	0.25	0.18773580215961375	0.0017912288764819096	0.18952703103609564	0.6000000000000001	0.6145150360667266	0.9146942737668542	0.7320292907233258	30.2	0.5507936507936508	0.1257633315070386	0.19084560528038788	19.8
l2	rp	0.50	0.18773580215961375	0.0021511359587293557	0.1898869381183431	0.5980000000000001	0.6110085779703974	0.9296395502645503	0.7346022704237603	30.2	0.5219047619047619	0.09751312125454002	0.15903852469369711	19.8
l2	rp	0.75	0.18773580215961375	0.0029189933249199385	0.19065479548453368	0.5980000000000001	0.6065264085282587	0.9655704898446833	0.7421359680565113	30.2	0.2816666666666667	0.04447689737163421	0.07276645720581647	19.8
l2	mds	0.25	0.18773580215961375	7.65777249523494	7.845508297394554	0.5900000000000001	0.6021014256766537	0.9554085594811402	0.736218280822419	30.2	0.31666666666666665	0.036544566544566545	0.0638737884262181	19.8
l2	mds	0.50	0.18773580215961375	7.958867129758619	8.146602931918233	0.5920000000000001	0.6020121690674418	0.9607855436081243	0.73783056882971	30.2	0.315	0.03250702513860408	0.05672463768115943	19.8
l2	mds	0.75	0.18773580215961375	7.92473920206603	8.112475004225644	0.6	0.6042721088435374	0.9810416666666667	0.7458101742377471	30.2	0.3	0.019354066985645936	0.036190476190476197	19.8
tree	base	0.25	1.0985994669065804	1.391905861964915e-05	1.0986133859652	0.7779999999999999	0.830887999681478	0.7763554097942051	0.795974271078654	28.2	0.7325903404164272	0.7996770942423115	0.7545294111494718	21.8
tree	base	0.50	1.0985994669065804	1.0904331429628655e-05	1.09861037123801	0.7779999999999999	0.830887999681478	0.7763554097942051	0.795974271078654	28.2	0.7325903404164272	0.7996770942423115	0.7545294111494718	21.8
tree	base	0.75	1.0985994669065804	1.2219265681778779e-05	1.0986116861722621	0.7779999999999999	0.830887999681478	0.7763554097942051	0.795974271078654	28.2	0.7325903404164272	0.7996770942423115	0.7545294111494718	21.8
tree	pca	0.25	1.0985994669065804	0.019031361819725135	1.1176308287263055	0.7779999999999999	0.8322307416169619	0.7777620594105734	0.7965122720416836	28.2	0.7340116277484697	0.7998195443847618	0.7539920634920635	21.8
tree	pca	0.50	1.0985994669065804	0.016246844559009332	1.1148463114655898	0.776	0.8273879996814779	0.7763554097942051	0.7943905606714142	28.2	0.7316672634933503	0.7953292681553551	0.7520634247549141	21.8
tree	pca	0.75	1.0985994669065804	0.01755061774647402	1.1161500846530543	0.7779999999999999	0.830887999681478	0.7763554097942051	0.795974271078654	28.2	0.7325903404164272	0.7996770942423115	0.7545294111494718	21.8
tree	rp	0.25	1.0985994669065804	0.0014694869542836385	1.100068953860864	0.7579999999999999	0.8019651424287856	0.7666495240986488	0.7792192661846493	28.2	0.7135504495504496	0.7577661368422237	0.7279295484864006	21.8
tree	rp	0.50	1.0985994669065804	0.0021621365049213637	1.1007616034115018	0.77	0.8287737861838311	0.7616451295468405	0.787429921487679	28.2	0.7191272178139186	0.7972340763101632	0.7464338999710226	21.8
tree	rp	0.75	1.0985994669065804	0.003669948977403692	1.102269415883984	0.7859999999999999	0.8475820105820105	0.7772963334060543	0.8032049741572402	28.2	0.736590547559857	0.8156652224587007	0.7627618034139774	21.8
tree	mds	0.25	1.0985994669065804	7.131078018246717	8.229677485153298	0.784	0.8379035179147382	0.7807134108913367	0.8018543197503647	28.2	0.7365955269410647	0.8047295397838875	0.7599931388891368	21.8
tree	mds	0.50	1.0985994669065804	7.284784031697109	8.383383498603688	0.7839999999999999	0.8414470814365625	0.7769856618950455	0.8006577278519564	28.2	0.7360061332429753	0.8138218866479734	0.7624519645662767	21.8
tree	mds	0.75	1.0985994669065804	6.986956399030532	8.085555865937113	0.776	0.8316510049090693	0.7721887431275384	0.7937237308924867	28.2	0.7286882347248479	0.8015289460941635	0.7530481764612199	21.8
MI	base	0.25	31.775328116145374	1.2892768336314474e-05	31.77534100891371	0.786	0.8454306051922685	0.7726654880158774	0.8019776738510245	28.8	0.7316697794958664	0.8094404154422327	0.7631344826568662	21.2
MI	base	0.50	31.775328116145374	1.132126189986593e-05	31.775339437407276	0.786	0.8454306051922685	0.7726654880158774	0.8019776738510245	28.8	0.7316697794958664	0.8094404154422327	0.7631344826568662	21.2
MI	base	0.75	31.775328116145374	1.1738192006305325e-05	31.775339854337382	0.786	0.8454306051922685	0.7726654880158774	0.8019776738510245	28.8	0.7316697794958664	0.8094404154422327	0.7631344826568662	21.2
MI	pca	0.25	31.775328116145374	0.0166969048052124	31.792025020950586	0.774	0.8321610653769573	0.7615241070469103	0.791175763894574	28.8	0.7171303354455528	0.7944295098942427	0.7497479810699405	21.2
MI	pca	0.50	31.775328116145374	0.014944386305614898	31.79027250245099	0.788	0.8453165749058243	0.7750223903727796	0.8036855358814672	28.8	0.7339660339660339	0.8094404154422327	0.7653248069524536	21.2
MI	pca	0.75	31.775328116145374	0.014860904026863863	31.79018902017224	0.786	0.8454306051922685	0.7726654880158774	0.8019776738510245	28.8	0.7316697794958664	0.8094404154422327	0.7631344826568662	21.2
MI	rp	0.25	31.775328116145374	0.0015468114933355538	31.77687492763871	0.764	0.8178580841510221	0.7675550585450475	0.7863672630075795	28.8	0.7116426689252777	0.7596465297165256	0.7297894383061946	21.2
MI	rp	0.50	31.775328116145374	0.00238269264509654	31.77771080879047	0.784	0.8344448469267126	0.7873202642946804	0.8030289282225759	28.8	0.7427418073070247	0.7857053774286914	0.7555384198078838	21.2
MI	rp	0.75	31.775328116145374	0.0029173256036301607	31.778245441749004	0.778	0.8322024236217785	0.7712694795008478	0.7973793010790643	28.8	0.7228079563457138	0.7907640963604081	0.7512154163200293	21.2
MI	mds	0.25	31.775328116145374	3.6167387581955155	35.39206687434089	0.7939999999999999	0.8526454804857708	0.7792535586195208	0.810748347494329	28.8	0.7364031517804308	0.8171944261374199	0.7708454845960249	21.2
MI	mds	0.50	31.775328116145374	3.898096969654398	35.67342508579977	0.766	0.8294472345454794	0.7500151179517142	0.7831834455958805	28.8	0.7050456845891628	0.7901005055652384	0.7412242284109503	21.2
MI	mds	0.75	31.775328116145374	3.7876487278655078	35.56297684401088	0.7859999999999999	0.8438677248677248	0.7766640118419874	0.8046479696273764	28.8	0.7291931818181818	0.803341612284606	0.7600815368294478	21.2
ftest	base	0.25	0.05452329309518973	1.2219265408930369e-05	0.054535512360598656	0.7299999999999999	0.8322910221117624	0.7186503281664571	0.7659067160126378	31.0	0.6243268388699422	0.754901022610001	0.6754196426507639	19.0
ftest	base	0.50	0.05452329309518973	1.1641977471299469e-05	0.05453493507266103	0.7299999999999999	0.8322910221117624	0.7186503281664571	0.7659067160126378	31.0	0.6243268388699422	0.754901022610001	0.6754196426507639	19.0
ftest	base	0.75	0.05452329309518973	1.497741977800615e-05	0.054538270514967735	0.7299999999999999	0.8322910221117624	0.7186503281664571	0.7659067160126378	31.0	0.6243268388699422	0.754901022610001	0.6754196426507639	19.0
ftest	pca	0.25	0.05452329309518973	0.01404307916518519	0.06856637226037492	0.7299999999999999	0.8306827923785327	0.7219836614997905	0.7667802112260813	31.0	0.6255914026664754	0.7503555680645464	0.6736494361131157	19.0
ftest	pca	0.50	0.05452329309518973	0.017951672644267093	0.07247496573945682	0.7299999999999999	0.8322910221117624	0.7186503281664571	0.7659067160126378	31.0	0.6243268388699422	0.754901022610001	0.6754196426507639	19.0
ftest	pca	0.75	0.05452329309518973	0.016752196180641478	0.0712754892758312	0.7299999999999999	0.8322910221117624	0.7186503281664571	0.7659067160126378	31.0	0.6243268388699422	0.754901022610001	0.6754196426507639	19.0
ftest	rp	0.25	0.05452329309518973	0.0014957856363253085	0.056019078731515036	0.716	0.7993118019959438	0.730425219941349	0.7595153419779035	31.0	0.616111119129695	0.6973520030021578	0.648210804021421	19.0
ftest	rp	0.50	0.05452329309518973	0.0021252862788060157	0.05664857937399574	0.726	0.8224530770953183	0.7221791649211005	0.7644443320861564	31.0	0.6217783236596623	0.7399010226100009	0.668731253266857	19.0
ftest	rp	0.75	0.05452329309518973	0.002931821950187441	0.05745511504537717	0.75	0.8447953695479932	0.7362470325373551	0.7821111036869253	31.0	0.6520660058895353	0.7755919879913689	0.700440878703047	19.0
ftest	mds	0.25	0.05452329309518973	3.0703589481426206	3.1248822412378106	0.736	0.8386280874201013	0.717394916911046	0.7693886258913538	31.0	0.6288058111479163	0.7712111830378083	0.6865076594396783	19.0
ftest	mds	0.50	0.05452329309518973	3.6423600565356535	3.6968833496308435	0.734	0.8321766130509406	0.7207282502443793	0.768723568567507	31.0	0.628636752136752	0.7598742846420865	0.6821344944503387	19.0
ftest	mds	0.75	0.05452329309518973	3.6390700914393164	3.6935933845345064	0.736	0.838838524267455	0.7176979472140761	0.7699700178363317	31.0	0.627033726029284	0.7703288300966319	0.6857118091831035	19.0
