base	base	0.25	0.012298706842541836	1.3021054691293547e-05	0.01231172789723313	0.8157142857142856	0.8466878488386793	0.9414403506876153	0.8909085507468282	56.1	0.5632844932844934	0.31051659125188535	0.39008660143612406	13.9
base	base	0.50	0.012298706842541836	1.7511073587117566e-05	0.012316217916128953	0.8157142857142856	0.8466878488386793	0.9414403506876153	0.8909085507468282	56.1	0.5632844932844934	0.31051659125188535	0.39008660143612406	13.9
base	base	0.75	0.012298706842541836	1.699792842648762e-05	0.012315704770968324	0.8157142857142856	0.8466878488386793	0.9414403506876153	0.8909085507468282	56.1	0.5632844932844934	0.31051659125188535	0.39008660143612406	13.9
base	pca	0.25	0.012298706842541836	4.589471900018873	4.601770606861415	0.8142857142857143	0.849070207953671	0.9359277153841375	0.8895001866053047	56.1	0.5548268398268398	0.3347454751131222	0.4044609094609094	13.9
base	pca	0.50	0.012298706842541836	5.409568390523803	5.421867097366344	0.8114285714285714	0.8371371846078783	0.9499552488585783	0.8893719023445863	56.1	0.5528787878787879	0.2526407742584213	0.33461313540260906	13.9
base	pca	0.75	0.012298706842541836	3.8042874548552703	3.816586161697812	0.8157142857142856	0.8466878488386793	0.9414403506876153	0.8909085507468282	56.1	0.5632844932844934	0.31051659125188535	0.39008660143612406	13.9
base	rp	0.25	0.012298706842541836	1.0298878746078934	1.0421865814504352	0.7957142857142856	0.8366387031687958	0.927398752213388	0.8787127917299273	56.1	0.4988095238095238	0.27380090497737564	0.3392824452435436	13.9
base	rp	0.50	0.012298706842541836	1.9980372524035002	2.010335959246042	0.7985714285714285	0.8374828145549851	0.9310895726685142	0.8808391742831223	56.1	0.4973051948051947	0.27312782805429864	0.33742248974110606	13.9
base	rp	0.75	0.012298706842541836	2.866049267694067	2.8783479745366085	0.8114285714285714	0.8466034081891989	0.9358161844974114	0.8879348215973376	56.1	0.5487079587079587	0.3211877828054299	0.3856904778196106	13.9
base	mds	0.25	0.012298706842541836	96.37679314515245	96.38909185199499	0.8057142857142857	0.8416988885732923	0.9343472633776347	0.8846690008951759	56.1	0.5463342213342214	0.2958521870286576	0.3698040555935293	13.9
base	mds	0.50	0.012298706842541836	163.48336383873533	163.4956625455779	0.8099999999999999	0.8458702198302609	0.9341396593855554	0.8868479262045474	56.1	0.5512698412698412	0.31380090497737556	0.3851015651015651	13.9
base	mds	0.75	0.012298706842541836	255.81020658255994	255.8225052894025	0.8099999999999999	0.8449667488033888	0.936191135578387	0.8870891706737577	56.1	0.5738888888888889	0.30899321266968327	0.38071377045801597	13.9
l1	base	0.25	0.16477015753889646	1.590749534443603e-05	0.1647860650342409	0.7914285714285714	0.8269608423097186	0.9309944474653561	0.8748431563126022	55.5	0.5175901875901876	0.2657694202082747	0.336007591442374	14.5
l1	base	0.50	0.16477015753889646	1.7511073656351074e-05	0.1647876686125528	0.7914285714285714	0.8269608423097186	0.9309944474653561	0.8748431563126022	55.5	0.5175901875901876	0.2657694202082747	0.336007591442374	14.5
l1	base	0.75	0.16477015753889646	1.0391186424385524e-05	0.16478054872532083	0.7914285714285714	0.8269608423097186	0.9309944474653561	0.8748431563126022	55.5	0.5175901875901876	0.2657694202082747	0.336007591442374	14.5
l1	pca	0.25	0.16477015753889646	0.2451195259052838	0.40988968344418025	0.7942857142857143	0.8272636626643983	0.9349339673475996	0.8770113943681604	55.5	0.5646608946608946	0.2551972511492636	0.3306874085666655	14.5
l1	pca	0.50	0.16477015753889646	0.4622507117482201	0.6270208692871165	0.7928571428571427	0.8252699674421524	0.9362691419267779	0.876366635403579	55.5	0.51762987012987	0.2548467257716484	0.331098661686897	14.5
l1	pca	0.75	0.16477015753889646	0.3734937830877243	0.5382639406266208	0.7914285714285714	0.8269608423097186	0.9309944474653561	0.8748431563126022	55.5	0.5175901875901876	0.2657694202082747	0.336007591442374	14.5
l1	rp	0.25	0.16477015753889646	0.009824065025622986	0.17459422256451945	0.7914285714285714	0.8290106637999596	0.9297620017628722	0.8749735051813694	55.5	0.4956060606060606	0.2776502251618351	0.3432646077154303	14.5
l1	rp	0.50	0.16477015753889646	0.018340091346362896	0.18311024888525934	0.7785714285714285	0.8177957310905759	0.9253236948963096	0.86764988487978	55.5	0.44563492063492066	0.2165668683741439	0.2846656012832483	14.5
l1	rp	0.75	0.16477015753889646	0.02769648883750051	0.19246664637639696	0.7757142857142856	0.8211239573236548	0.9173960160094625	0.8655401317299818	55.5	0.43427128427128425	0.24142250680176375	0.3002398897398898	14.5
l1	mds	0.25	0.16477015753889646	9.903301350501442	10.068071508040338	0.7814285714285714	0.8217828539458456	0.923572680873891	0.8690636647340332	55.5	0.40349206349206346	0.2370951777840323	0.2950010374929494	14.5
l1	mds	0.50	0.16477015753889646	14.422459138423074	14.58722929596197	0.7814285714285714	0.8181578948926098	0.9354217004793316	0.8708552625587004	55.5	0.4302380952380953	0.20904458673421522	0.25070990670835874	14.5
l1	mds	0.75	0.16477015753889646	18.1216476958024	18.286417853341298	0.7799999999999999	0.8170038710162204	0.9287712468185065	0.8686639791540969	55.5	0.46345238095238095	0.21344767332770428	0.28278934885105483	14.5
l2	base	0.25	0.5843024771754244	1.6965857048489853e-05	0.584319443032473	0.7542857142857142	0.8485729411033025	0.8391659379237064	0.8405946036783133	54.4	0.4682077790630421	0.486997452152251	0.4570487971573164	15.6
l2	base	0.50	0.5843024771754244	1.2956911450601184e-05	0.584315434086875	0.7542857142857142	0.8485729411033025	0.8391659379237064	0.8405946036783133	54.4	0.4682077790630421	0.486997452152251	0.4570487971573164	15.6
l2	base	0.75	0.5843024771754244	1.1128832466056337e-05	0.5843136060078905	0.7542857142857142	0.8485729411033025	0.8391659379237064	0.8405946036783133	54.4	0.4682077790630421	0.486997452152251	0.4570487971573164	15.6
l2	pca	0.25	0.5843024771754244	0.319447939354086	0.9037504165295104	0.7671428571428571	0.8503359292620181	0.8551716635589373	0.8499507464372567	54.4	0.4935207929325577	0.48544049603647127	0.4719232939870782	15.6
l2	pca	0.50	0.5843024771754244	0.36180148536241175	0.9461039625378362	0.7471428571428571	0.8378644707046877	0.8449728760835857	0.8376498636703656	54.4	0.4522782446311858	0.43910878251435526	0.42157139092196017	15.6
l2	pca	0.75	0.5843024771754244	0.36331333885182177	0.9476158160272462	0.7542857142857142	0.8485729411033025	0.8391659379237064	0.8405946036783133	54.4	0.4682077790630421	0.486997452152251	0.4570487971573164	15.6
l2	rp	0.25	0.5843024771754244	0.00992143429157295	0.5942239114669974	0.7528571428571429	0.8137477050838446	0.8906220790006542	0.8466472025622421	54.4	0.5095221445221445	0.2981388520320409	0.3410384873511422	15.6
l2	rp	0.50	0.5843024771754244	0.018436690894759522	0.6027391680701839	0.7614285714285713	0.8300056831838886	0.8761663398719735	0.8503458555674491	54.4	0.4473973738679621	0.3803943493726775	0.39799287208679995	15.6
l2	rp	0.75	0.5843024771754244	0.027134370548901644	0.611436847724326	0.7699999999999999	0.8454931800568619	0.8696699506696091	0.8534736667736411	54.4	0.5014007632038322	0.4629221810181562	0.44959098380154466	15.6
l2	mds	0.25	0.5843024771754244	9.813418934473612	10.397721411649036	0.7542857142857142	0.8416852089561864	0.8478128661361758	0.841889496876641	54.4	0.459767560870502	0.44800495771857995	0.4367653233251181	15.6
l2	mds	0.50	0.5843024771754244	15.055804391687435	15.640106868862858	0.7714285714285715	0.8563640871366488	0.8548823624925758	0.8518291130832729	54.4	0.5147444712150595	0.5209859679364323	0.4912330163201123	15.6
l2	mds	0.75	0.5843024771754244	17.245074529502197	17.829377006677625	0.7714285714285714	0.8543700479378546	0.8570268630389345	0.8519057434600233	54.4	0.5201778282216429	0.5052027599163822	0.4846035186335521	15.6
tree	base	0.25	1.644484252381608	1.7222429323737743e-05	1.6445014748109315	0.8114285714285714	0.855950424509388	0.9273916821397041	0.8897075509943946	57.6	0.44952380952380955	0.2702036852036852	0.330163304188072	12.4
tree	base	0.50	1.644484252381608	1.1481619640107966e-05	1.6444957340012478	0.8114285714285714	0.855950424509388	0.9273916821397041	0.8897075509943946	57.6	0.44952380952380955	0.2702036852036852	0.330163304188072	12.4
tree	base	0.75	1.644484252381608	1.1385404923203168e-05	1.644495637786531	0.8114285714285714	0.855950424509388	0.9273916821397041	0.8897075509943946	57.6	0.44952380952380955	0.2702036852036852	0.330163304188072	12.4
tree	pca	0.25	1.644484252381608	0.24456552172250667	1.8890497741041146	0.8099999999999999	0.8554404478607942	0.9259027138172586	0.8887975274512272	57.6	0.4565079365079365	0.2678588078588079	0.3330040378724589	12.4
tree	pca	0.50	1.644484252381608	0.34733461256109877	1.9918188649427067	0.8128571428571428	0.8561470155527532	0.9292348676897861	0.8906861482802595	57.6	0.45888888888888885	0.2702036852036852	0.33385584222540743	12.4
tree	pca	0.75	1.644484252381608	0.3996386176257147	2.0441228700073224	0.8114285714285714	0.855950424509388	0.9273916821397041	0.8897075509943946	57.6	0.44952380952380955	0.2702036852036852	0.330163304188072	12.4
tree	rp	0.25	1.644484252381608	0.010061330450207606	1.6545455828318154	0.8071428571428572	0.8497959835300508	0.9303054069057166	0.8874503379543113	57.6	0.4225091575091575	0.22357808857808856	0.2747655677655677	12.4
tree	rp	0.50	1.644484252381608	0.018441212985180755	1.6629254653667886	0.8057142857142857	0.850101800652322	0.9265843539473755	0.8861430162825517	57.6	0.47253968253968254	0.23998390498390504	0.29611455561583433	12.4
tree	rp	0.75	1.644484252381608	0.027722563018051004	1.6722068153996588	0.8157142857142856	0.8517182596709041	0.9389358462225348	0.8928505566925162	57.6	0.4607720057720058	0.23250527250527253	0.3006132756132756	12.4
tree	mds	0.25	1.644484252381608	9.685665486540165	11.330149738921772	0.8142857142857143	0.8558175164769158	0.930074633975091	0.8911706051125196	57.6	0.43885225885225887	0.26322566322566326	0.3246116873461326	12.4
tree	mds	0.50	1.644484252381608	15.349324749272728	16.993809001654334	0.8185714285714285	0.856100007215382	0.9377367928074026	0.8944390792151429	57.6	0.4748989898989898	0.26445942945942946	0.32834110334110334	12.4
tree	mds	0.75	1.644484252381608	17.679300211319514	19.323784463701124	0.8157142857142856	0.8530324167878653	0.9375972468161227	0.8927972589732892	57.6	0.4626984126984127	0.24591797091797093	0.31409495962127537	12.4
MI	base	0.25	49.81487337986491	1.2732410505122971e-05	49.81488611227542	0.7771428571428571	0.8380767002718488	0.8865316133557256	0.8600029201265613	54.6	0.4986546348388455	0.39891563029333926	0.429808178773696	15.4
MI	base	0.50	49.81487337986491	1.8601506690174573e-05	49.8148919813716	0.7771428571428571	0.8380767002718488	0.8865316133557256	0.8600029201265613	54.6	0.4986546348388455	0.39891563029333926	0.429808178773696	15.4
MI	base	0.75	49.81487337986491	1.8569434814708075e-05	49.81489194929973	0.7771428571428571	0.8380767002718488	0.8865316133557256	0.8600029201265613	54.6	0.4986546348388455	0.39891563029333926	0.429808178773696	15.4
MI	pca	0.25	49.81487337986491	0.24033390345875888	50.05520728332367	0.7842857142857144	0.8459197287860347	0.8867228349772798	0.8639910625267465	54.6	0.5193745143745143	0.44442210910864166	0.4644064223835021	15.4
MI	pca	0.50	49.81487337986491	0.32802252834881074	50.142895908213724	0.7742857142857142	0.8366703282763075	0.8848635237686573	0.858695361684026	54.6	0.47702020202020207	0.3962602241240012	0.42323491593433704	15.4
MI	pca	0.75	49.81487337986491	0.35112957649180315	50.166002956356714	0.7771428571428571	0.8380767002718488	0.8865316133557256	0.8600029201265613	54.6	0.4986546348388455	0.39891563029333926	0.429808178773696	15.4
MI	rp	0.25	49.81487337986491	0.010349589660472702	49.825222969525385	0.7757142857142856	0.8244380664028341	0.9069392724489171	0.8617922421724729	54.6	0.506956990378043	0.32403863035828984	0.3781379295631242	15.4
MI	rp	0.50	49.81487337986491	0.018490282476705033	49.83336366234162	0.7542857142857142	0.8227713802437645	0.8785718782264732	0.8472994552151558	54.6	0.43222796811032105	0.34010359480560715	0.3595651079998906	15.4
MI	rp	0.75	49.81487337986491	0.02804616509083644	49.84291954495575	0.7871428571428571	0.8403010632161687	0.9026215040241015	0.8680612008663664	54.6	0.5359071484071485	0.40905040350086785	0.44339855752536506	15.4
MI	mds	0.25	49.81487337986491	8.39456723755102	58.20944061741593	0.76	0.8201504859807105	0.8883467138621975	0.8514060630038486	54.6	0.4311004273504274	0.32079738029428434	0.3581605975723622	15.4
MI	mds	0.50	49.81487337986491	14.68131068140201	64.49618406126692	0.7785714285714286	0.8490224438532721	0.8745442699776413	0.8592132456190267	54.6	0.5038348824378236	0.4610565286107082	0.4630967652890403	15.4
MI	mds	0.75	49.81487337986491	17.024979706718387	66.8398530865833	0.7757142857142857	0.8469666332918259	0.8694766272236094	0.8567382215301643	54.6	0.4828858641358642	0.4532993837947398	0.45917164064915195	15.4
ftest	base	0.25	0.08911869589328489	1.4079416177992244e-05	0.08913277530946288	0.7528571428571429	0.8032614887352789	0.9072204352937749	0.851409140164502	54.9	0.36666666666666664	0.19291105308520168	0.2470567105432567	15.1
ftest	base	0.50	0.08911869589328489	1.840907716541551e-05	0.08913710497045031	0.7528571428571429	0.8032614887352789	0.9072204352937749	0.851409140164502	54.9	0.36666666666666664	0.19291105308520168	0.2470567105432567	15.1
ftest	base	0.75	0.08911869589328489	2.5657250716903945e-05	0.08914435314400179	0.7528571428571429	0.8032614887352789	0.9072204352937749	0.851409140164502	54.9	0.36666666666666664	0.19291105308520168	0.2470567105432567	15.1
ftest	pca	0.25	0.08911869589328489	0.23463648647048102	0.32375518236376594	0.7542857142857142	0.8049330721169363	0.9072070764249046	0.8522003699083116	54.9	0.3581746031746032	0.19274593440615115	0.24256218438950886	15.1
ftest	pca	0.50	0.08911869589328489	0.3406713604467768	0.42979005634006173	0.7528571428571429	0.8043359556224716	0.9054912433411471	0.8511220875894299	54.9	0.3697763347763348	0.19582771975186836	0.24851848295784218	15.1
ftest	pca	0.75	0.08911869589328489	0.35625185413719007	0.445370550030475	0.7528571428571429	0.8032614887352789	0.9072204352937749	0.851409140164502	54.9	0.36666666666666664	0.19291105308520168	0.2470567105432567	15.1
ftest	rp	0.25	0.08911869589328489	0.01030080881273534	0.09941950470602023	0.77	0.8209527524434443	0.9078733524946797	0.8602995035754493	54.9	0.4651370851370851	0.2821156964810216	0.32603149138443255	15.1
ftest	rp	0.50	0.08911869589328489	0.018744674115987438	0.10786337000927233	0.7657142857142857	0.815289321951456	0.9067156044406468	0.8577851211362629	54.9	0.4278049728049728	0.25752242597443836	0.31158951702835963	15.1
ftest	rp	0.75	0.08911869589328489	0.03020942410066709	0.11932811999395199	0.75	0.7994030185096025	0.9114532490797167	0.8506822067142592	54.9	0.3386904761904762	0.165750405425328	0.2132693198855118	15.1
ftest	mds	0.25	0.08911869589328489	9.681758111780528	9.770876807673812	0.7528571428571429	0.8075106343215653	0.8999980008654578	0.8505072827161483	54.9	0.37263347763347765	0.21974578697875907	0.2696184825458873	15.1
ftest	mds	0.50	0.08911869589328489	14.259971257464986	14.34908995335827	0.7485714285714286	0.8038354664534596	0.8999618577632773	0.8485148293981227	54.9	0.33246031746031746	0.1971205587498157	0.24175264520849624	15.1
ftest	mds	0.75	0.08911869589328489	17.770759137108143	17.859877833001427	0.7414285714285714	0.799929256873334	0.8943545946560139	0.8438408923733636	54.9	0.3102380952380952	0.18266972578505086	0.2247856877422095	15.1
