base	base	0.25	0.011567892131966675	1.4015273075297479e-05	0.011581907405041975	0.7985714285714285	0.8299437469259985	0.9410082576874084	0.8816032313680553	56.2	0.4919444444444444	0.2152279660483995	0.29598896644851685	13.8
base	base	0.50	0.011567892131966675	2.042958573920117e-05	0.011588321717705876	0.7985714285714285	0.8299437469259985	0.9410082576874084	0.8816032313680553	56.2	0.4919444444444444	0.2152279660483995	0.29598896644851685	13.8
base	base	0.75	0.011567892131966675	1.8697721370575237e-05	0.011586589853337251	0.7985714285714285	0.8299437469259985	0.9410082576874084	0.8816032313680553	56.2	0.4919444444444444	0.2152279660483995	0.29598896644851685	13.8
base	pca	0.25	0.011567892131966675	1.4062387529037026	1.4178066450356692	0.8014285714285714	0.8358320949885346	0.935753766094441	0.8824590243697316	56.2	0.5156746031746031	0.2546932698364587	0.3360357681534152	13.8
base	pca	0.50	0.011567892131966675	2.3852506408700216	2.396818533001988	0.8042857142857143	0.8327397747861458	0.946646839974109	0.8853830682370039	56.2	0.5240476190476191	0.23315672459635312	0.316875431331953	13.8
base	pca	0.75	0.011567892131966675	2.52921876558479	2.540786657716757	0.7985714285714285	0.8299437469259985	0.9410082576874084	0.8816032313680553	56.2	0.4919444444444444	0.2152279660483995	0.29598896644851685	13.8
base	rp	0.25	0.011567892131966675	0.9712108009328009	0.9827786930647676	0.7942857142857143	0.8285022624343752	0.9376881518673026	0.8791711364133953	56.2	0.46749999999999997	0.2112495528207603	0.28596413163420836	13.8
base	rp	0.50	0.011567892131966675	1.87002084972324	1.8815887418552066	0.7957142857142856	0.8280226828973124	0.9414826546024833	0.880433046207501	56.2	0.4574999999999999	0.20068833900877245	0.2694649000436455	13.8
base	rp	0.75	0.011567892131966675	2.736969596478782	2.748537488610749	0.8014285714285714	0.8318142699594313	0.9430995800578842	0.883523674495693	56.2	0.4992857142857143	0.22705975139411674	0.3094023267455089	13.8
base	mds	0.25	0.011567892131966675	83.7234105734172	83.73497846554916	0.7899999999999999	0.8278386369530779	0.9328256375347589	0.8764947493246267	56.2	0.4498917748917749	0.21115556785835424	0.28197571624170087	13.8
base	mds	0.50	0.011567892131966675	161.37959151732815	161.39115940946013	0.7942857142857143	0.830650958987983	0.93432362156881	0.8788198183598132	56.2	0.4735714285714286	0.2264964769492633	0.3005650950356833	13.8
base	mds	0.75	0.011567892131966675	241.12752686233952	241.13909475447144	0.797142857142857	0.8313293285574817	0.938051986737853	0.8808395976998238	56.2	0.4814285714285715	0.22857981028259666	0.3053793038746599	13.8
l1	base	0.25	0.14953071285144687	1.4913277118466794e-05	0.14954562612856534	0.797142857142857	0.8542712374289883	0.8993673504940659	0.8758182815443284	56.1	0.4844334831834832	0.3706990721696604	0.4120913401698815	13.9
l1	base	0.50	0.14953071285144687	1.4335988817038015e-05	0.14954504884026393	0.797142857142857	0.8542712374289883	0.8993673504940659	0.8758182815443284	56.1	0.4844334831834832	0.3706990721696604	0.4120913401698815	13.9
l1	base	0.75	0.14953071285144687	1.3951129949418828e-05	0.1495446639813963	0.797142857142857	0.8542712374289883	0.8993673504940659	0.8758182815443284	56.1	0.4844334831834832	0.3706990721696604	0.4120913401698815	13.9
l1	pca	0.25	0.14953071285144687	0.02548832963911991	0.1750190424905668	0.7728571428571429	0.8565880021686372	0.8604943895603319	0.8575091477143255	56.1	0.42041786644727824	0.4050891265597148	0.40671587033656004	13.9
l1	pca	0.50	0.14953071285144687	0.02522361095643646	0.17475432380788333	0.7899999999999999	0.8577086756210269	0.8831993221460259	0.8695060799978676	56.1	0.472983741404794	0.397291923762512	0.42216984519451317	13.9
l1	pca	0.75	0.14953071285144687	0.02129859683709583	0.1708293096885427	0.8057142857142857	0.8564600503403275	0.9099261887458511	0.8817161779391158	56.1	0.49413766788766794	0.3648560263266145	0.40620993343573997	13.9
l1	rp	0.25	0.14953071285144687	0.0018901375773566543	0.15142085042880354	0.7757142857142856	0.8327653991444081	0.9026727122783512	0.8654686914371463	56.1	0.414587912087912	0.2634768499474382	0.3111405212005701	13.9
l1	rp	0.50	0.14953071285144687	0.002897890236454259	0.15242860308790113	0.7485714285714286	0.8350996004348795	0.8528129056694091	0.8427300375723205	56.1	0.36152763902763896	0.31960053018876555	0.3287700432700432	13.9
l1	rp	0.75	0.14953071285144687	0.003811897716332169	0.15334261056777904	0.8014285714285714	0.8459605857359677	0.9199810364611606	0.8805167084002503	56.1	0.5365989565989565	0.32373668814845286	0.3911284205990088	13.9
l1	mds	0.25	0.14953071285144687	3.3787729548200334	3.52830366767148	0.7928571428571428	0.8569665464367094	0.8889458251226807	0.8723890873168845	56.1	0.47255577755577755	0.4010676904794551	0.4311057904252097	13.9
l1	mds	0.50	0.14953071285144687	3.5953459351058883	3.744876647957335	0.7857142857142856	0.8436813078685242	0.8977573392030027	0.8696624246413212	56.1	0.44984848484848483	0.318632707162119	0.3672393834796245	13.9
l1	mds	0.75	0.14953071285144687	4.423245597296136	4.572776310147583	0.7857142857142857	0.84433573908415	0.8976297474964637	0.8695389892347073	56.1	0.4384469696969697	0.3154853969559852	0.3518610749981617	13.9
l2	base	0.25	0.5924686027414282	1.7318643949693068e-05	0.5924859213853779	0.7485714285714286	0.8536206779415162	0.8262975338345516	0.8383961570847352	55.6	0.4173864809081527	0.4561308247995554	0.4246076054654352	14.4
l2	base	0.50	0.5924686027414282	1.6067853084678064e-05	0.5924846705945128	0.7485714285714286	0.8536206779415162	0.8262975338345516	0.8383961570847352	55.6	0.4173864809081527	0.4561308247995554	0.4246076054654352	14.4
l2	base	0.75	0.5924686027414282	1.4303917305369396e-05	0.5924829066587336	0.7485714285714286	0.8536206779415162	0.8262975338345516	0.8383961570847352	55.6	0.4173864809081527	0.4561308247995554	0.4246076054654352	14.4
l2	pca	0.25	0.5924686027414282	0.036547438492198124	0.6290160412336263	0.7442857142857143	0.8515726407917077	0.8224231566026023	0.8350481399869943	55.6	0.40130717235980395	0.4414416130824799	0.4113971825199333	14.4
l2	pca	0.50	0.5924686027414282	0.025784093595120794	0.618252696336549	0.7342857142857142	0.8467915844614053	0.8135699466869714	0.8288421025850274	55.6	0.3815965381367858	0.4371497181868699	0.4003292160394006	14.4
l2	pca	0.75	0.5924686027414282	0.04098136417687783	0.633449966918306	0.7442857142857143	0.8495603894406758	0.8239791632251514	0.8358281313746392	55.6	0.3987336601307189	0.4396885171072477	0.4123891426731183	14.4
l2	rp	0.25	0.5924686027414282	0.0022829500835541694	0.5947515528249824	0.742857142857143	0.8181424764306164	0.87328206634259	0.8424636946463233	55.6	0.3508547008547009	0.2532849091053425	0.271734829415344	14.4
l2	rp	0.50	0.5924686027414282	0.002991475057660864	0.595460077799089	0.7257142857142858	0.8370538126823719	0.8182746007931977	0.8245580388712568	55.6	0.35921850705418484	0.38532438278955305	0.35508016874193343	14.4
l2	rp	0.75	0.5924686027414282	0.004121484515690099	0.5965900872571183	0.73	0.8231362247042057	0.8435702894566507	0.8307311114164472	55.6	0.36460715967749213	0.30433238072556956	0.3173166225387051	14.4
l2	mds	0.25	0.5924686027414282	5.3321348083258275	5.924603411067255	0.7328571428571429	0.8498942764736774	0.8086237654942121	0.8271851843592686	55.6	0.38399766899766896	0.4525057553385727	0.405923042998879	14.4
l2	mds	0.50	0.5924686027414282	4.6243884674508084	5.216857070192236	0.7271428571428571	0.8438174026836093	0.8093340446312844	0.8240892232314833	55.6	0.3722475684789926	0.41947437882035404	0.38283242829536096	14.4
l2	mds	0.75	0.5924686027414282	4.87060314102464	5.463071743766068	0.7328571428571429	0.8419845572869928	0.8175680339317838	0.8281358380453732	55.6	0.39935977764925135	0.40388723505596574	0.38682299449818913	14.4
tree	base	0.25	1.598842793856511	2.9634124166477706e-05	1.5988724279806774	0.8042857142857143	0.8199556136031545	0.9661575071446953	0.8864135936228855	55.5	0.6204761904761904	0.18858431601078657	0.2788913270737877	14.5
tree	base	0.50	1.598842793856511	1.4688775809190702e-05	1.59885748263232	0.8042857142857143	0.8199556136031545	0.9661575071446953	0.8864135936228855	55.5	0.6204761904761904	0.18858431601078657	0.2788913270737877	14.5
tree	base	0.75	1.598842793856511	1.4015273154655006e-05	1.5988568091296655	0.8042857142857143	0.8199556136031545	0.9661575071446953	0.8864135936228855	55.5	0.6204761904761904	0.18858431601078657	0.2788913270737877	14.5
tree	pca	0.25	1.598842793856511	0.027947320533166932	1.626790114389678	0.8014285714285714	0.8198050161632191	0.9629059973462292	0.8845462499122883	55.5	0.6308333333333332	0.19442204853969558	0.28287893647161383	14.5
tree	pca	0.50	1.598842793856511	0.02793936678535829	1.6267821606418693	0.7985714285714285	0.8163132250418776	0.9644604862464531	0.8833805780277248	55.5	0.5803571428571428	0.16847216508981214	0.24484772537404118	14.5
tree	pca	0.75	1.598842793856511	0.029599422968476573	1.6284422168249875	0.8042857142857143	0.8182195185581362	0.969898765885954	0.8869774846295393	55.5	0.5908333333333333	0.17221776589423649	0.2554473304473304	14.5
tree	rp	0.25	1.598842793856511	0.0020270831523703237	1.6008698770088814	0.8014285714285714	0.8230423107340907	0.9568359091682632	0.8839259177066584	55.5	0.4795238095238095	0.20658882783882784	0.27766119845067216	14.5
tree	rp	0.50	1.598842793856511	0.0029511611029192863	1.6017939549594302	0.8057142857142857	0.8210282865717741	0.9656169108506922	0.8869747391335514	55.5	0.6303571428571428	0.19497972615619671	0.2865360364273407	14.5
tree	rp	0.75	1.598842793856511	0.003926393196888966	1.6027691870534	0.8014285714285714	0.8191966322502976	0.9627524361782566	0.884697683806736	55.5	0.5954761904761905	0.18307533969298675	0.27260500559699646	14.5
tree	mds	0.25	1.598842793856511	4.257734394217914	5.856577188074425	0.8128571428571428	0.8282346281413446	0.9641282187609359	0.8905580360297354	55.5	0.6785714285714286	0.23799670917317975	0.344031328320802	14.5
tree	mds	0.50	1.598842793856511	4.34192936751324	5.94077216136975	0.797142857142857	0.8150209738257272	0.9642520574069893	0.8827148258287736	55.5	0.492857142857143	0.16419164169164166	0.24189997051452158	14.5
tree	mds	0.75	1.598842793856511	4.464102491735957	6.062945285592468	0.7799999999999999	0.8056663153754048	0.9530565871846342	0.8726052518100458	55.5	0.35507936507936505	0.12000073455955809	0.17101769769692773	14.5
MI	base	0.25	47.15289797041523	1.4432203352043871e-05	47.15291240261858	0.7771428571428571	0.8313908803659198	0.9008818883387161	0.8627291646669603	55.0	0.519492207139266	0.3295883201765554	0.3648401473633615	15.0
MI	base	0.50	47.15289797041523	1.5779209115862612e-05	47.15291374962435	0.7771428571428571	0.8313908803659198	0.9008818883387161	0.8627291646669603	55.0	0.519492207139266	0.3295883201765554	0.3648401473633615	15.0
MI	base	0.75	47.15289797041523	1.4432203442993341e-05	47.152912402618675	0.7771428571428571	0.8313908803659198	0.9008818883387161	0.8627291646669603	55.0	0.519492207139266	0.3295883201765554	0.3648401473633615	15.0
MI	pca	0.25	47.15289797041523	0.027665315277863554	47.1805632856931	0.7685714285714286	0.8332650849684322	0.8831235504953568	0.8560183316605341	55.0	0.45099415204678356	0.3522167048637636	0.381698755289446	15.0
MI	pca	0.50	47.15289797041523	0.03276690676511862	47.18566487718035	0.7785714285714286	0.8353841389428451	0.8955468200238169	0.862985533844728	55.0	0.49241373006078887	0.35315168491639076	0.3918950201264537	15.0
MI	pca	0.75	47.15289797041523	0.025474891654175734	47.17837286206941	0.7857142857142857	0.8365297513608626	0.9067381012016446	0.868327089589787	55.0	0.5468713639301874	0.35011713776419656	0.3904194558544347	15.0
MI	rp	0.25	47.15289797041523	0.002129391439120809	47.15502736185435	0.7471428571428571	0.8125667999435857	0.8812588325847702	0.8446249148686216	55.0	0.37741883116883124	0.2610682454800102	0.30081480896085366	15.0
MI	rp	0.50	47.15289797041523	0.0030684468093568284	47.15596641722459	0.7771428571428571	0.8325535482930018	0.8981548404012647	0.8632352418339501	55.0	0.4666161616161616	0.3383184789067142	0.3838204707170224	15.0
MI	rp	0.75	47.15289797041523	0.004226294384261564	47.15712426479949	0.7628571428571428	0.8261076744659339	0.8853255142242051	0.8531739947920162	55.0	0.4347786131996658	0.3133371530430354	0.3520310718929644	15.0
MI	mds	0.25	47.15289797041523	4.886329207540621	52.03922717795585	0.7685714285714286	0.8328998278319503	0.888895426524668	0.8571990135092706	55.0	0.4224477861319967	0.33327646209999157	0.3473643744526097	15.0
MI	mds	0.50	47.15289797041523	4.181699709463738	51.33459767987897	0.7757142857142856	0.8315902478623135	0.8977521424629208	0.8618480847046538	55.0	0.4772686618507051	0.32944826415414646	0.36950704007283497	15.0
MI	mds	0.75	47.15289797041523	4.4822619881097125	51.635159958524945	0.7757142857142857	0.8333288240452813	0.8961004321043138	0.861775082220386	55.0	0.4719281045751633	0.341466344113403	0.3759068655336464	15.0
ftest	base	0.25	0.07540175245412684	1.305312625845545e-05	0.0754148055803853	0.7728571428571428	0.8471623928366776	0.880758726054798	0.8626722088890693	56.8	0.3746248196248197	0.3238615551115551	0.3395891210239036	13.2
ftest	base	0.50	0.07540175245412684	1.276448210774106e-05	0.07541451693623458	0.7728571428571428	0.8471623928366776	0.880758726054798	0.8626722088890693	56.8	0.3746248196248197	0.3238615551115551	0.3395891210239036	13.2
ftest	base	0.75	0.07540175245412684	1.2219265681778779e-05	0.07541397171980861	0.7728571428571428	0.8471623928366776	0.880758726054798	0.8626722088890693	56.8	0.3746248196248197	0.3238615551115551	0.3395891210239036	13.2
ftest	pca	0.25	0.07540175245412684	0.019352558524951748	0.09475431097907858	0.7985714285714285	0.8631820998356915	0.8972288349929156	0.8780052604596216	56.8	0.48419871794871805	0.39894813519813516	0.416268514094601	13.2
ftest	pca	0.50	0.07540175245412684	0.02069885860519207	0.09610061105931891	0.7757142857142856	0.851264235897454	0.881216278819404	0.8642612933872089	56.8	0.384981684981685	0.34662309912309913	0.3494124361950449	13.2
ftest	pca	0.75	0.07540175245412684	0.020117272877905636	0.09551902533203246	0.7685714285714285	0.8468364419206693	0.8755150871904694	0.8598068979042999	56.8	0.3591699966699967	0.32594488844488845	0.3333557987905814	13.2
ftest	rp	0.25	0.07540175245412684	0.0019179756944140535	0.07731972814854089	0.7614285714285713	0.841146128101844	0.8717377130202808	0.8549512445927446	56.8	0.3538706391647568	0.295736346986347	0.31129959708907073	13.2
ftest	rp	0.50	0.07540175245412684	0.0028255688611352526	0.07822732131526208	0.7871428571428571	0.8539548883691704	0.891949022213103	0.8717085493584109	56.8	0.4227472527472528	0.3340741203241203	0.36582759269715787	13.2
ftest	rp	0.75	0.07540175245412684	0.003746407584003464	0.0791481600381303	0.7828571428571427	0.8559899915469538	0.8825920297729644	0.8679296614929823	56.8	0.42079420579420573	0.3677021589521589	0.38249615202388815	13.2
ftest	mds	0.25	0.07540175245412684	3.1246401009357214	3.2000418533898483	0.7899999999999998	0.8493104814520247	0.9044480753540552	0.8745791461890702	56.8	0.45546897546897547	0.3084000721500722	0.34839805926762446	13.2
ftest	mds	0.50	0.07540175245412684	3.3900666030150206	3.4654683554691474	0.7757142857142856	0.8551287560569951	0.8761399662430917	0.8633761224137453	56.8	0.39668300653594774	0.3612241924741925	0.3570316044663871	13.2
ftest	mds	0.75	0.07540175245412684	4.040795252895441	4.116197005349568	0.7714285714285714	0.8572542951091371	0.8654508682877751	0.8597011847676415	56.8	0.39571061291649523	0.3842202242202242	0.3759763799418972	13.2
